5000 
-1.835721 
-0.126129 
-0.678049 
1.265040 
0.348143 
0.413490 
-0.374514 
-0.894252 
0.280353 
-0.438256 
1.392548 
-0.367377 
-0.795427 
-0.218398 
1.081998 
-0.566998 
-0.095499 
-1.477976 
0.122107 
-0.383116 
-0.448950 
0.144553 
0.027061 
-0.002535 
3.007350 
1.046731 
1.689733 
1.666527 
-0.287502 
-0.487005 
-1.669182 
-0.975265 
-0.285797 
-0.092191 
0.325278 
0.153787 
-1.193385 
-0.330344 
1.738295 
-0.302764 
-0.923455 
-0.255567 
0.336793 
-0.389166 
-0.429146 
-0.345374 
1.194758 
0.844758 
-0.754751 
-0.750551 
-1.751088 
1.134212 
-0.108164 
-0.243681 
0.180208 
-1.308279 
-0.927308 
0.184740 
-0.323425 
-2.069644 
-0.776909 
0.266268 
1.077611 
0.089024 
0.145978 
-0.483140 
0.211255 
0.545705 
-0.908649 
1.059693 
-1.672367 
-0.046122 
-0.232865 
1.657959 
-0.315105 
3.252811 
-0.275185 
-0.721573 
2.345928 
-0.018623 
-0.258052 
0.146741 
-1.009365 
-1.470567 
-0.649204 
0.070548 
1.151016 
1.221468 
0.485867 
1.208433 
2.644885 
0.657194 
0.972136 
-0.303389 
1.209477 
-1.136420 
-0.333455 
-0.865975 
-0.563153 
2.009424 
-0.206414 
-0.429742 
1.043727 
-0.318059 
0.324033 
0.557941 
-0.874605 
-0.357464 
1.940129 
0.138589 
0.916651 
1.288994 
0.583170 
0.126985 
1.295954 
-1.272414 
1.220836 
-2.128142 
-1.277511 
-0.432343 
-0.086369 
-1.648684 
0.785208 
-0.077123 
-1.108378 
-1.204629 
-0.971608 
-0.845661 
-0.127967 
-0.054686 
-0.592531 
-0.085599 
-0.654926 
0.178642 
1.565664 
0.870590 
-0.413708 
0.147100 
-0.161429 
-0.431909 
-0.317044 
1.123678 
-0.551644 
0.192383 
0.622901 
-1.044433 
-1.522771 
0.778501 
0.390013 
-0.539595 
1.142219 
0.320172 
-0.411729 
-0.445760 
-0.507163 
-1.105346 
2.759631 
-2.295976 
0.276002 
0.005712 
-1.294668 
-0.147223 
0.393961 
1.036928 
0.113941 
0.587377 
1.769342 
-0.109969 
-0.578599 
-1.443195 
0.857609 
-0.514071 
1.436534 
0.072891 
-0.135770 
-0.568641 
-0.520249 
-1.273909 
0.605340 
-0.423807 
0.645174 
-1.705542 
0.347560 
-0.922283 
-1.578066 
-0.237061 
0.621061 
1.040828 
1.243599 
-0.381641 
-0.967439 
3.058692 
-0.554103 
-0.710407 
0.478487 
-1.082740 
-0.671803 
-1.538020 
-0.201039 
-1.133718 
0.391487 
0.189846 
-0.723717 
-0.386292 
-0.574924 
0.169873 
-0.659602 
0.272937 
-0.853548 
0.590226 
-0.166275 
-2.060035 
0.191932 
0.950641 
1.271635 
0.230575 
1.486691 
0.695373 
2.116414 
0.267209 
0.482002 
0.438096 
0.560342 
0.835673 
1.070720 
-0.990217 
-1.299656 
1.341941 
0.970791 
-0.849795 
-0.049388 
1.857248 
-1.160908 
0.330497 
-1.390352 
0.173983 
0.309081 
-0.182844 
0.946882 
-0.136726 
1.192242 
1.101429 
-0.276745 
0.261700 
0.211522 
0.971438 
1.250160 
0.797662 
0.027900 
-0.890406 
-1.289454 
1.105078 
2.005700 
0.272379 
-0.068548 
0.940558 
-1.686415 
-0.260155 
-2.005368 
0.429757 
0.029375 
0.330151 
-0.429231 
-1.871011 
0.998168 
-0.656059 
0.180461 
0.955031 
0.575455 
-0.829480 
-0.260465 
-0.216537 
0.995297 
1.291663 
-1.065421 
-1.019438 
0.131385 
-0.001204 
0.202194 
-1.052519 
-1.345230 
-0.079279 
1.241627 
0.635671 
-0.118784 
-0.384562 
-1.126322 
0.903834 
0.858818 
-0.166232 
0.389421 
0.273969 
0.931503 
1.648390 
-1.766545 
-0.308435 
-0.080882 
-1.281593 
-0.291445 
0.816249 
-0.760550 
-2.109223 
-1.023304 
0.288610 
-0.765004 
0.951276 
-0.559975 
0.232274 
-0.598587 
0.634132 
-1.645575 
1.647693 
-0.219468 
-0.138439 
-1.430881 
-0.001635 
-0.070544 
-1.209746 
0.598621 
2.019469 
1.194886 
-0.063162 
0.559744 
0.215001 
0.422039 
-2.071630 
-0.909645 
-0.285275 
0.636349 
0.366233 
-0.102437 
-2.167238 
-1.430272 
1.343593 
0.138047 
0.017499 
-0.338495 
2.915345 
-0.686935 
-0.142364 
0.538762 
1.328223 
-0.131040 
0.970132 
0.998571 
0.262851 
-1.318335 
0.806470 
0.104344 
1.556702 
-0.841786 
-0.003484 
-0.505063 
-1.845123 
-1.052527 
-1.962836 
1.696867 
0.242644 
0.602697 
0.206772 
1.123258 
1.519756 
-0.406145 
-0.966166 
1.108818 
2.253282 
-0.219884 
-0.761083 
0.334482 
-0.944112 
-0.779866 
0.678448 
-0.219965 
0.528648 
-0.503807 
0.587419 
0.344050 
0.519554 
1.177197 
0.875216 
-1.544049 
1.828845 
-1.245337 
-1.768016 
0.959165 
-0.782674 
-1.899380 
-0.043281 
1.843486 
0.897754 
0.694998 
-1.070517 
-0.807920 
0.924598 
1.329246 
1.116126 
0.557724 
-1.022396 
-0.185415 
1.234641 
1.415991 
0.404428 
0.113995 
0.351412 
-0.468491 
0.866088 
0.235637 
0.481979 
-0.138779 
0.330294 
-0.609748 
1.624813 
-0.268765 
0.719451 
-1.943380 
1.008391 
-0.356348 
0.633361 
-0.415951 
0.695584 
-0.522949 
-0.420206 
-0.956816 
-1.495289 
0.436145 
1.119658 
0.168315 
-0.650180 
-1.140197 
-0.971211 
1.792071 
0.108430 
-1.075375 
-1.114543 
-0.739020 
-0.210358 
2.043044 
0.050995 
-1.241722 
-0.720825 
-0.981422 
1.361525 
2.035499 
1.563775 
-0.335501 
1.227780 
-0.035126 
-0.121191 
-1.079306 
-0.238751 
-0.772925 
-0.223426 
-0.629078 
-0.326952 
-1.575435 
0.541538 
-1.271820 
0.346824 
-0.615249 
-0.838184 
-1.848141 
-0.297123 
0.923285 
1.686723 
0.547287 
-1.264371 
-0.209591 
1.109798 
0.511657 
-0.615483 
0.236241 
0.908954 
-0.378134 
-0.742481 
-0.800075 
0.522616 
0.500465 
-0.481371 
-1.509149 
0.113664 
-0.264472 
0.084828 
1.425395 
0.306195 
-0.829566 
2.146977 
-0.670525 
-0.490433 
0.554257 
-1.366696 
0.140323 
-0.039547 
2.062720 
1.251655 
0.395722 
-1.087070 
0.520623 
-0.356600 
-0.526254 
-1.859505 
-2.290580 
0.347073 
0.450311 
-0.378019 
0.634884 
0.316729 
-1.386555 
-1.228484 
1.177283 
0.458148 
-0.318116 
-1.045882 
0.258709 
0.245571 
-1.852115 
0.943009 
0.061107 
0.334417 
-1.320925 
1.647234 
0.835945 
-0.826004 
-0.204088 
-0.616140 
0.416269 
0.807184 
0.368554 
0.473155 
0.535826 
-1.080536 
0.712850 
-0.871754 
0.615363 
-1.094351 
1.099911 
0.420177 
0.792477 
-0.675044 
0.784728 
-0.752558 
-0.373105 
-0.270689 
0.511243 
1.279740 
-0.234140 
-0.206578 
0.308348 
-0.672757 
1.454995 
1.054537 
0.942365 
-0.463781 
-1.584223 
-0.864633 
0.425621 
-0.637779 
0.310884 
-0.674707 
0.201763 
-0.186570 
0.393777 
-1.666628 
1.317298 
-0.198437 
0.384417 
1.859175 
0.010939 
1.146321 
-0.327888 
1.026113 
0.465261 
0.008680 
-0.284298 
0.553834 
-0.936957 
-0.914923 
0.980490 
0.658101 
0.567545 
-0.389270 
0.010686 
-1.462815 
-1.304928 
0.414497 
-1.073104 
0.136715 
-1.558176 
-0.446446 
-0.938700 
0.556328 
0.009399 
0.272346 
-1.146035 
-1.188314 
-1.257798 
1.070831 
0.602976 
0.187841 
-0.788888 
-1.075719 
0.991303 
0.496759 
-1.097918 
1.648579 
-1.764064 
0.325489 
0.674877 
0.153405 
-0.964803 
0.253318 
-0.211840 
0.201963 
-0.315030 
0.513718 
-0.501509 
-1.299299 
0.909615 
0.976712 
0.839144 
-1.602293 
0.441831 
-1.085377 
0.893105 
0.945767 
1.014266 
1.817737 
-1.426770 
0.386980 
1.578075 
0.031842 
0.027300 
-0.701143 
1.109199 
0.265860 
1.211797 
-1.032333 
-0.830801 
0.042126 
0.193750 
-0.948796 
0.369575 
-0.278156 
1.271853 
0.055363 
0.263246 
-0.894913 
-1.675015 
-2.324601 
2.009216 
0.595490 
1.485751 
-0.146798 
-1.561794 
-1.138020 
-1.181884 
-2.404419 
0.685445 
-0.951488 
0.297066 
0.145050 
-0.667653 
1.268999 
0.311472 
-1.531091 
-0.087283 
0.296567 
-0.501962 
0.334838 
1.273243 
0.443607 
1.103516 
1.921276 
1.663042 
0.351324 
1.630576 
-1.536232 
0.039289 
0.630668 
0.340404 
-0.271802 
-2.106735 
0.036512 
-1.249819 
-0.618385 
0.831190 
-0.850023 
0.843075 
-0.768242 
1.946417 
1.047851 
-1.114300 
0.740862 
2.269629 
-2.648848 
-0.487228 
-1.280445 
0.337867 
0.879157 
0.195305 
0.007408 
0.331894 
-1.063929 
-1.011926 
0.776453 
-0.540085 
1.508179 
1.014713 
-0.959269 
0.370493 
0.726059 
0.194386 
-0.588553 
1.040025 
3.108626 
0.070701 
0.521662 
1.617040 
-0.456756 
-0.850101 
0.156714 
-2.171119 
-0.849867 
-0.904654 
1.017839 
-0.512936 
-0.902901 
-0.512966 
-0.556008 
1.228437 
-0.359756 
-0.978680 
0.723489 
0.399623 
0.767180 
-0.599465 
-1.366175 
0.273241 
-0.054930 
-0.052626 
-0.472611 
0.354543 
0.094029 
-0.182519 
-0.358498 
-2.429610 
1.228727 
0.761340 
-0.059031 
2.312537 
1.219390 
-0.534182 
-1.590654 
-1.078684 
-1.153946 
0.524807 
0.083189 
1.468343 
-1.191202 
0.299883 
0.203394 
-0.408411 
-1.253703 
1.034947 
2.030131 
0.884378 
0.671147 
-1.208417 
0.609350 
1.500542 
0.875970 
0.149358 
-0.288478 
0.584532 
-1.015766 
-1.392161 
-1.693122 
-0.295270 
-0.844495 
1.202736 
-0.168905 
0.832108 
-2.229625 
-0.626472 
-0.955453 
0.801604 
0.493472 
2.889032 
1.984641 
1.473247 
-0.411454 
-2.713456 
0.589676 
-0.066298 
-0.285150 
1.693482 
-3.052876 
-0.502857 
-2.073114 
-1.273087 
0.406753 
1.001652 
-0.298123 
-0.834695 
1.649327 
0.466492 
0.930531 
1.109987 
1.340944 
2.572933 
0.752331 
0.707976 
0.369132 
0.596751 
-0.019997 
0.008595 
0.244759 
-2.275652 
1.209680 
0.699990 
0.313597 
0.822069 
-0.545884 
-0.966810 
0.602706 
1.153814 
0.575680 
-0.297679 
-1.526062 
0.922865 
0.588981 
1.363503 
0.529448 
-0.380911 
0.479104 
0.230980 
-1.422220 
-0.393910 
-0.628508 
-0.511781 
-0.270577 
-0.934109 
0.244808 
0.330889 
-0.422515 
-0.412293 
1.862154 
1.406475 
-1.081343 
0.606364 
-0.477591 
-0.379418 
-0.749070 
-1.485086 
1.190508 
-1.930314 
-0.122913 
0.225757 
-1.658611 
0.844358 
0.195346 
-0.181204 
-0.515183 
-0.295783 
0.643845 
-1.882541 
0.461409 
-1.432016 
-0.106976 
1.114063 
1.038258 
-0.890859 
0.306922 
-1.278140 
-0.070951 
1.271254 
-1.863602 
1.742953 
0.726716 
-1.327284 
1.780034 
0.649870 
0.902428 
0.303643 
-0.044154 
1.163963 
-1.146806 
-1.707554 
-0.197489 
-0.045875 
-1.001039 
0.226881 
0.698513 
0.965440 
1.314093 
-0.165661 
-0.466464 
-0.140836 
-0.414493 
-0.085291 
1.018042 
-0.088556 
-0.002691 
-1.424003 
-0.919965 
1.958190 
-0.452695 
-2.246750 
-0.244783 
-1.223346 
-0.736658 
0.456129 
1.403174 
1.184403 
-1.698061 
1.755612 
-1.661922 
1.720752 
-0.891457 
-0.252640 
2.686968 
0.623718 
1.877534 
0.269586 
2.445882 
0.245130 
-0.341369 
-2.134597 
1.331809 
0.500280 
-0.247963 
1.701571 
1.724531 
-0.990395 
-0.295828 
-1.309750 
0.946773 
-0.273837 
0.350004 
-0.450998 
0.930159 
0.244672 
0.379844 
1.324302 
-0.160346 
-2.266282 
0.930469 
0.468792 
0.519289 
0.536423 
0.827402 
1.219568 
0.107851 
-0.689181 
1.286971 
-0.438141 
-0.903590 
0.893277 
0.989263 
-0.493752 
1.108513 
0.313977 
1.898434 
0.009948 
-0.024167 
0.074988 
2.216566 
-0.479859 
-0.232996 
0.323665 
0.496312 
-1.092802 
-0.528608 
-1.613781 
-0.788021 
-0.153275 
-0.565693 
-2.195011 
-0.238921 
-1.173558 
-1.024387 
0.024312 
-0.224784 
-0.102909 
0.156513 
0.172816 
-0.581145 
1.085115 
1.999638 
-1.296370 
-1.222746 
-0.185564 
-2.157301 
-0.569438 
-2.275060 
-0.933742 
-1.312402 
0.265996 
-0.382804 
0.344796 
0.796935 
0.931818 
-1.180451 
1.175149 
-0.234439 
1.300239 
1.085155 
-0.452246 
1.831541 
1.152325 
0.288811 
-0.426265 
0.320042 
1.642427 
-0.789339 
-0.925024 
0.348861 
0.441740 
0.794337 
0.567344 
-1.019898 
2.163187 
0.738648 
0.398899 
0.521369 
0.559974 
0.863213 
0.598810 
-0.453062 
-0.810805 
-1.501505 
-0.988946 
-0.714253 
1.580531 
0.951741 
0.671333 
1.358831 
0.874806 
-0.406054 
-1.133271 
0.630214 
1.601822 
-1.671248 
-1.020968 
-1.723716 
-0.846828 
-1.101866 
1.669950 
-0.710087 
-0.970679 
0.689244 
1.143334 
-1.261276 
-0.731857 
-0.656530 
-0.403179 
-0.113288 
-0.200164 
-0.086560 
0.206608 
0.071665 
0.012992 
0.776394 
-0.546243 
0.207473 
0.079132 
-1.864234 
0.301890 
-0.635199 
0.159722 
-0.517227 
1.058258 
-0.927331 
-1.012294 
-0.604257 
-0.433461 
0.545455 
-0.267024 
-1.905569 
1.185683 
-0.353670 
0.010261 
-0.505383 
0.391518 
-0.275783 
-0.739301 
-0.536390 
2.409085 
-0.100036 
-0.433393 
-0.630526 
0.428581 
-0.331464 
0.609392 
0.298822 
-0.170946 
-0.919205 
0.862297 
0.737250 
-0.294919 
-1.148383 
1.727517 
1.318249 
1.073778 
-0.114123 
1.337322 
1.204515 
0.255229 
0.025815 
-0.535968 
-0.499381 
-1.331717 
1.748079 
0.777882 
0.318378 
-1.713813 
1.241957 
-0.149178 
0.340524 
1.106806 
0.751605 
1.497777 
-1.540668 
-2.438843 
-0.763065 
0.254792 
-1.060898 
-0.426999 
-0.286878 
0.708309 
-0.501581 
-0.270766 
0.155298 
0.446318 
-0.868928 
-0.568634 
-0.971795 
-1.461585 
0.495418 
-0.085306 
0.557749 
0.189372 
1.754405 
-0.631182 
-0.237615 
1.468413 
1.058731 
-2.366933 
0.927894 
1.580601 
0.170972 
-0.264620 
0.332842 
-1.137536 
0.511104 
-1.321635 
-0.199246 
0.727026 
0.466593 
-2.344951 
-0.147550 
-0.618650 
-0.432304 
-0.203547 
-0.706349 
-0.349900 
-0.586306 
-0.420694 
0.797954 
-0.041625 
-0.614966 
-0.308695 
0.639136 
0.666899 
0.675263 
0.606793 
-0.421423 
1.058749 
-2.340833 
-0.373977 
0.180036 
1.023154 
-0.174156 
-0.098028 
0.475838 
1.600129 
-0.651353 
-0.073851 
0.379819 
0.522484 
0.223363 
0.693250 
-1.235815 
-0.171822 
-0.500659 
0.952175 
0.185738 
-1.281588 
0.527528 
0.106201 
0.509690 
-0.643122 
-0.957670 
0.682029 
0.046811 
-0.361175 
-1.209156 
-0.917038 
0.979227 
0.021277 
-0.288091 
-1.175582 
0.733609 
-1.233776 
0.190814 
-0.658034 
-0.007383 
-0.610190 
-1.543803 
-0.950893 
-1.077711 
2.575435 
0.896648 
-0.822991 
1.535337 
1.802451 
-0.491835 
-0.777246 
-2.527312 
-0.297709 
-0.576440 
1.677123 
-0.812700 
0.918791 
-1.700870 
-0.461086 
-0.441900 
0.238810 
-0.079622 
-1.811582 
-0.448759 
0.153001 
-1.514529 
-1.077225 
1.048444 
0.516344 
1.082979 
-0.670547 
-2.054013 
-0.254935 
-0.339434 
0.331674 
1.030692 
0.724603 
1.231228 
0.113444 
0.031565 
0.584376 
0.914781 
-0.295497 
0.841698 
-0.718357 
-0.350985 
0.325758 
0.087373 
-2.452802 
1.498711 
0.854846 
0.722612 
-0.020607 
0.098902 
-1.066600 
0.254871 
0.514202 
0.515336 
-0.717199 
-0.033985 
0.112727 
-0.110869 
-2.043420 
0.599517 
0.388096 
0.484763 
-0.494185 
0.766662 
-0.378086 
-0.974056 
-0.934165 
1.270563 
-0.633734 
-0.766603 
0.815748 
-1.225754 
-0.262568 
-0.277545 
-0.804525 
0.964354 
0.176810 
0.769578 
-0.834435 
-0.373347 
0.879529 
-1.471919 
-0.270826 
-0.033141 
0.531814 
0.351875 
-1.144721 
-1.812280 
0.379617 
-0.444093 
0.147663 
1.080942 
-0.056570 
0.173977 
1.183788 
0.927001 
0.653268 
-0.826699 
-0.152969 
-0.542731 
0.414083 
0.750032 
-1.319098 
-0.276434 
0.243516 
0.301045 
0.068323 
-1.724768 
-0.302646 
0.758040 
1.962749 
0.749940 
-1.556709 
0.399585 
1.027733 
0.550683 
-0.949436 
-0.533786 
0.355365 
1.317821 
-0.078096 
-0.012212 
1.142496 
1.145501 
0.359940 
-1.153960 
-0.519939 
0.627397 
0.956326 
0.537507 
-0.438600 
0.245393 
-1.364452 
0.821914 
-0.576060 
1.762211 
-0.428136 
-0.356301 
-0.445393 
2.002626 
0.485091 
-1.541881 
-1.297133 
1.091629 
0.263965 
0.666123 
-1.176766 
-0.685801 
0.334613 
-1.756701 
0.008993 
0.447937 
-0.983997 
-0.336157 
1.158357 
1.454292 
-1.046520 
0.382586 
0.145603 
-1.099641 
0.934570 
-0.523332 
0.618484 
-1.242857 
-0.021554 
0.689100 
0.484781 
-0.497887 
0.539732 
-0.744625 
-1.118003 
0.314734 
0.737641 
0.420914 
-0.967234 
0.596220 
0.152270 
0.028972 
-0.288759 
-0.258652 
1.004961 
-0.538752 
-0.756805 
0.172476 
0.506182 
-0.180938 
1.595383 
0.910871 
1.178759 
1.149130 
-0.253789 
-2.769388 
1.257478 
-0.511082 
1.955996 
0.286352 
-1.118502 
-1.314183 
-0.553020 
-0.142989 
0.509326 
-0.928188 
1.408693 
0.909022 
-0.391644 
-2.087007 
-0.071999 
0.263697 
0.812483 
-0.524905 
-0.786223 
0.691336 
0.899810 
-0.455257 
0.463643 
-0.130562 
0.096223 
0.052668 
-0.908052 
-0.951537 
0.139667 
0.391686 
-1.239459 
0.617804 
-0.854745 
1.169400 
-0.228221 
-0.571638 
0.937812 
-0.205485 
0.034465 
-1.867890 
-1.478860 
0.442177 
-0.783176 
0.236687 
0.431853 
-1.834480 
0.722485 
0.589898 
-0.478910 
0.806471 
-1.173446 
1.301225 
-0.203831 
-1.908985 
-1.405659 
-0.616141 
0.369328 
-1.189536 
-0.361271 
0.791096 
-0.613041 
-0.826128 
1.167098 
-0.518159 
0.195395 
0.266650 
0.292789 
-0.400710 
-0.477999 
-0.966709 
1.641883 
-0.092539 
-1.180663 
1.149208 
0.595288 
-1.026540 
-1.621544 
0.418110 
0.286029 
0.215438 
-2.160711 
0.550266 
0.473957 
1.182256 
0.272614 
-0.861317 
-0.879823 
-1.421296 
1.595178 
-0.428264 
-0.802833 
-1.579550 
1.256992 
0.867609 
-0.666465 
0.955673 
-0.587669 
-0.560230 
-0.394391 
-1.307292 
-0.881926 
-0.006534 
-0.370430 
-0.260676 
0.428866 
0.712244 
0.408777 
-0.902182 
0.844142 
0.587128 
0.242605 
2.187095 
2.552070 
1.432471 
-1.130959 
0.506771 
0.942483 
0.882862 
-0.097763 
2.504838 
-0.854203 
-0.249672 
-1.070153 
-0.684585 
-0.368152 
-0.400434 
0.983369 
-0.059764 
0.087437 
0.001388 
1.451084 
1.135228 
-1.076047 
0.534857 
0.797062 
-0.481229 
-1.120538 
-0.104046 
-0.209683 
-0.061227 
-0.096719 
-0.418166 
-1.698307 
-0.863320 
-0.434704 
-0.690172 
-1.520383 
-0.240621 
2.609208 
0.402086 
-0.848720 
-0.372714 
0.784979 
0.501846 
0.835964 
2.016494 
-1.234160 
0.141892 
-0.573542 
-0.304106 
-0.626521 
-0.630105 
-0.539724 
-2.286098 
-0.459649 
-1.062170 
0.113209 
0.180931 
0.501337 
0.025554 
-0.428915 
-0.086133 
-0.552870 
0.574481 
1.156067 
-0.759076 
-0.100027 
-0.522977 
-0.228942 
-0.305145 
1.653027 
0.966091 
-0.817284 
1.256682 
0.556032 
-0.964753 
1.073287 
-1.798311 
0.226171 
1.772039 
-1.333529 
-0.782405 
-1.195719 
0.267533 
-1.697586 
-0.089146 
-1.494387 
0.004317 
-0.014021 
0.319285 
0.147265 
-1.411398 
0.516217 
0.869336 
0.007175 
1.696174 
-1.138164 
1.650870 
0.100405 
-1.251017 
-0.071672 
-0.657946 
0.132872 
1.371540 
-0.204451 
-2.313453 
0.593458 
-0.401850 
0.269188 
-0.007365 
0.717700 
0.800949 
-0.258550 
0.053715 
0.088767 
0.015296 
0.922054 
0.625262 
-0.516581 
-0.102860 
0.037653 
-0.585715 
0.752271 
-1.214280 
-0.024350 
-0.870329 
0.133728 
-0.188729 
-1.202770 
0.094557 
-0.602266 
0.159197 
0.818333 
1.045421 
0.035883 
0.128754 
0.334450 
0.190902 
1.509795 
0.075003 
1.750642 
-0.068536 
-0.314700 
-1.422157 
0.623734 
-0.081774 
0.546325 
-0.819387 
1.607522 
0.843549 
0.387642 
-0.389355 
0.415305 
-0.173536 
1.260990 
-1.220426 
-0.054029 
1.415489 
2.090893 
0.158105 
0.455608 
0.221509 
-1.264729 
-0.732554 
0.064854 
-0.539552 
0.014749 
0.660408 
0.861108 
-1.322816 
-0.463280 
-0.274057 
1.347322 
0.364631 
-1.005125 
-0.595662 
-0.731629 
-0.393622 
0.937288 
0.160076 
-0.504685 
0.640432 
0.639043 
-2.379184 
-0.227547 
2.243072 
0.392062 
-0.821293 
-0.329909 
1.062206 
-0.357541 
0.596421 
-0.123700 
-0.015127 
-0.300590 
-0.352059 
-0.099175 
0.757523 
1.001540 
-0.732592 
-0.101476 
-0.419998 
-0.860755 
1.548299 
0.164505 
-0.088941 
2.025004 
0.282626 
-0.014446 
-0.203485 
-0.251871 
-1.066339 
0.253212 
1.845045 
-2.448094 
1.065303 
0.831299 
1.315351 
0.392398 
0.218801 
0.901047 
-0.785996 
-3.032724 
0.138435 
-0.485193 
1.183448 
-1.750141 
-1.200551 
-0.030268 
0.306935 
0.827767 
0.460688 
0.904986 
0.054333 
-0.024002 
0.812601 
-0.298289 
-1.836176 
1.948020 
0.944435 
0.268948 
-0.366008 
0.252843 
1.006248 
1.128721 
1.076717 
-0.954574 
0.616887 
-0.508927 
-0.662938 
-1.833817 
0.629193 
1.268713 
-2.184548 
-1.162363 
1.921708 
-0.468765 
1.264959 
-0.606858 
1.183752 
-0.579451 
0.560624 
-1.084435 
-1.116299 
0.869586 
-0.165996 
0.167671 
0.553943 
1.938911 
-0.848281 
-1.422878 
-0.697831 
1.325252 
-1.094733 
0.103912 
0.953183 
2.279664 
0.345122 
-0.620297 
0.294507 
0.201611 
2.011829 
-1.563943 
1.452768 
1.429208 
1.087734 
0.333563 
1.023857 
-1.837673 
-0.676350 
1.103693 
1.331457 
-0.967255 
0.751302 
-0.563746 
-1.614303 
1.659099 
-0.383781 
0.835276 
-1.822062 
0.137823 
2.134644 
0.141077 
1.225213 
-0.649969 
0.983530 
-0.334888 
0.740105 
-0.106700 
0.374394 
0.609721 
-0.780769 
0.143312 
-0.573623 
0.927156 
0.077072 
0.282018 
0.774735 
0.814622 
0.423332 
0.748643 
-0.761778 
2.062417 
1.719820 
2.486362 
-1.609754 
0.246680 
-0.323010 
-0.758562 
1.447980 
0.339066 
-2.043538 
0.709440 
-1.030315 
1.535247 
-1.294711 
0.321291 
-0.117607 
-0.203463 
0.587212 
-0.940822 
0.078190 
1.979975 
0.696813 
-0.544749 
-0.368942 
0.992658 
-0.169871 
1.522688 
0.746910 
-0.296786 
0.972531 
-1.498644 
1.382689 
-0.323582 
0.371858 
-0.556453 
0.293596 
1.785339 
-0.442530 
0.250851 
-0.778591 
-0.161512 
0.213225 
0.097019 
1.227058 
1.290668 
0.935524 
-0.061988 
-0.167533 
1.448541 
-0.778089 
0.390113 
-0.452457 
1.014224 
0.473017 
-0.121277 
1.158751 
0.978895 
0.263129 
-2.140957 
-0.748370 
-1.164879 
-0.047530 
-0.715239 
-2.398736 
-0.364412 
-1.558358 
-0.310548 
0.140645 
1.692453 
-1.341598 
-0.156295 
1.362110 
-0.196712 
1.416068 
-0.003372 
-1.009053 
-0.545240 
1.111456 
-0.444239 
1.464832 
-0.612947 
-0.355707 
0.155095 
0.855390 
1.149265 
-0.464040 
1.431620 
-0.512383 
1.119919 
-0.500596 
-0.145824 
-2.208861 
0.164946 
-0.328057 
0.595323 
1.257299 
0.297407 
-0.413580 
1.495856 
-1.609337 
-0.563225 
1.142026 
-0.756750 
0.844249 
-0.883047 
-0.229039 
-0.635176 
-0.726616 
-0.468645 
0.744837 
-1.732706 
0.223730 
-1.427595 
-0.305000 
-0.092089 
1.214366 
-1.109904 
-0.261324 
1.112685 
-1.196059 
-1.818072 
0.543978 
-0.463267 
1.676629 
-1.022581 
0.031563 
0.368195 
-0.002293 
-0.158274 
-1.089881 
-0.554054 
0.701049 
1.095480 
0.146089 
0.363898 
0.557654 
2.013593 
-0.581891 
-0.087892 
-1.217354 
-0.908554 
0.139339 
0.487443 
0.545056 
0.444357 
-0.959310 
0.611604 
-0.494134 
-0.311270 
-2.282092 
-1.056979 
-1.849033 
-0.351381 
-0.932982 
-0.453060 
0.264152 
-1.390162 
0.745642 
0.917323 
-0.177633 
-0.197348 
-0.171459 
0.600901 
0.085799 
-0.752920 
-0.796758 
-0.489260 
-0.599631 
-0.441973 
0.148262 
-0.607926 
0.860296 
-0.300187 
0.378525 
-0.412579 
0.672740 
-1.281880 
-1.532361 
-0.735017 
2.244651 
1.672375 
0.721109 
-0.187778 
-0.473164 
-0.249676 
0.247749 
1.500175 
0.662440 
1.434111 
-1.166721 
-2.211587 
-0.358014 
-1.245319 
0.241827 
-1.369973 
0.436180 
-0.495694 
0.313432 
-0.166178 
1.389838 
-1.103755 
-0.324860 
-1.454156 
-1.641049 
1.314656 
-0.337178 
0.071728 
-0.637329 
0.306595 
-0.192123 
0.145607 
-0.922301 
-0.339134 
1.494106 
0.750206 
0.195161 
-0.866053 
0.238386 
-2.126036 
0.986871 
-0.280681 
0.039127 
2.130085 
0.572854 
1.138544 
0.979483 
-0.349540 
-0.058817 
0.044664 
-0.366429 
-0.231550 
-1.873632 
0.059874 
-0.152652 
-1.615218 
-0.570790 
-1.338211 
0.176814 
-1.052644 
0.414470 
-0.157163 
0.498556 
0.728566 
-1.102902 
-0.168128 
-1.699328 
-0.877962 
0.011170 
-0.578806 
0.853602 
-1.224872 
-0.667161 
1.534161 
0.775937 
-1.909196 
-0.074301 
0.097402 
-1.179339 
1.914279 
-0.690772 
0.770561 
1.022417 
0.524333 
0.179924 
0.566619 
-1.015378 
-1.023050 
-0.321317 
-2.287882 
-0.397249 
2.437020 
0.344228 
0.285192 
-0.204679 
-0.104338 
-0.723942 
1.374693 
-0.366240 
0.318019 
-0.900661 
-0.884881 
-0.608371 
-0.661620 
-1.492409 
-0.061005 
-1.459586 
0.081904 
0.495885 
0.697245 
0.901322 
1.749989 
-0.837585 
-0.846009 
1.150623 
1.423435 
-0.445700 
-0.679476 
-0.510298 
-1.454711 
0.251510 
0.656947 
2.316220 
-0.365907 
-0.162182 
0.370789 
0.282571 
2.266102 
0.338905 
2.024315 
0.879621 
1.481318 
-0.984300 
1.538717 
-0.884477 
1.325687 
-1.167431 
2.747684 
0.700186 
0.238965 
-0.164896 
0.067486 
0.133255 
0.127746 
0.334848 
-1.061108 
-0.416118 
0.455157 
0.048213 
-0.393403 
0.708138 
0.905695 
-0.330604 
-0.993799 
1.063040 
-0.255814 
-0.599116 
1.761724 
1.079356 
-0.907919 
1.737182 
-1.681534 
0.587928 
1.050579 
-0.245053 
-1.611613 
-0.644796 
-0.556645 
0.646492 
-0.042692 
0.019127 
0.963676 
-0.648830 
-0.814453 
-0.280184 
-1.340123 
-1.179935 
-0.238038 
-0.765955 
-0.859126 
-0.385161 
1.279012 
1.248195 
0.238401 
0.214949 
-0.763269 
-1.024669 
-0.674143 
1.114148 
0.951908 
0.843993 
-0.375371 
0.990274 
0.041278 
-1.116699 
1.074212 
-0.680186 
-0.594120 
-0.591688 
1.163069 
-1.230416 
0.306483 
0.174890 
0.687357 
0.595426 
1.016420 
1.054893 
-0.383182 
1.082052 
0.108363 
1.229307 
1.355507 
0.908036 
-0.340219 
0.253621 
0.066779 
0.215546 
-0.645647 
0.078636 
-0.013164 
1.346849 
0.221594 
-1.736726 
-0.896990 
0.259313 
-1.173087 
-0.325154 
1.108076 
0.613715 
-0.389352 
0.741868 
-0.594068 
-0.934662 
0.713066 
0.994999 
-1.903725 
0.739118 
-1.543482 
0.381854 
1.656742 
0.226269 
0.859902 
-0.600335 
-0.947159 
-1.567084 
0.884079 
-0.465363 
0.955714 
0.100596 
-1.142675 
0.844786 
0.460286 
0.078622 
-0.843914 
-1.330279 
1.015060 
0.773608 
2.138366 
1.100507 
-0.144428 
-1.572654 
-0.434283 
1.994591 
0.437579 
0.438401 
1.679088 
-0.871247 
-0.480638 
-1.157034 
1.204878 
1.810778 
1.116198 
-1.342980 
0.747750 
-0.465695 
0.202782 
-0.570247 
0.858315 
-0.979891 
0.393247 
1.651816 
-1.029940 
1.362775 
-1.317941 
-1.290198 
0.817182 
-0.404357 
1.704233 
0.558591 
0.971659 
-0.939831 
-0.660894 
2.093597 
0.616281 
-1.502913 
-1.504651 
-1.701526 
-0.255106 
2.651307 
-1.835686 
0.140037 
1.917447 
0.975176 
2.188567 
-1.747991 
-0.076604 
-0.672053 
-0.529622 
1.290635 
-0.591908 
0.285237 
1.203181 
0.526530 
1.413181 
-0.623041 
0.916944 
-1.511528 
0.515557 
0.416315 
-0.400320 
0.609571 
-2.369225 
1.831955 
-0.937759 
0.429641 
0.612448 
-1.630414 
-0.473468 
-1.647689 
0.778105 
0.078378 
1.213613 
-0.991124 
0.894425 
0.250457 
-0.153933 
1.117986 
-1.522770 
-0.555653 
-0.405766 
-0.891323 
-0.497061 
2.274311 
0.563259 
0.267177 
0.193641 
-0.262631 
0.108173 
0.687403 
-0.131612 
-1.481219 
0.629548 
-1.457631 
0.259704 
0.725043 
-0.475616 
0.470874 
1.737147 
0.112216 
-0.125760 
1.240885 
-0.603002 
1.661575 
1.898983 
0.223121 
0.608679 
-1.002027 
-0.082517 
1.739894 
0.300929 
-0.146501 
1.864186 
-0.429118 
-0.061456 
-0.021525 
1.530570 
0.711174 
-0.431515 
0.748527 
-0.499990 
1.869918 
-2.245164 
0.419997 
1.111315 
0.034144 
-1.187037 
0.935201 
-0.518900 
0.743071 
-0.258114 
0.597219 
-0.186194 
0.897027 
-0.605022 
2.387209 
1.280273 
0.772278 
-0.645842 
0.777334 
-0.324875 
1.751345 
0.745076 
1.391657 
-0.176730 
-0.476650 
0.260514 
-0.434082 
-0.712939 
1.326242 
-1.001455 
0.237314 
1.644910 
-1.137266 
1.163179 
-0.091947 
-0.935568 
-1.184311 
0.608734 
2.934597 
0.742899 
-0.412143 
2.094187 
-0.703465 
-0.327478 
0.920056 
-2.165553 
-1.041307 
0.172200 
0.422980 
-0.966765 
0.216821 
0.143032 
0.039070 
0.901402 
-0.342108 
0.365769 
-0.555476 
-1.091704 
0.396916 
-3.915690 
-0.468442 
-0.602707 
0.411899 
0.325321 
1.088539 
-0.537493 
0.070678 
-0.400282 
1.738505 
-0.131410 
-0.904258 
1.632323 
-1.790911 
-0.646943 
-0.941560 
-0.652558 
-0.598848 
1.425723 
0.282857 
2.597391 
-0.516405 
-0.077317 
-0.042619 
1.219757 
0.225398 
-0.056391 
-0.158549 
1.336833 
0.440655 
-0.276446 
0.114644 
2.223358 
1.520511 
-0.381828 
-0.282309 
0.514001 
-0.902717 
-0.248139 
-1.103182 
-1.873873 
-0.424181 
-0.119145 
0.526536 
-0.096762 
-1.748096 
0.614227 
-0.748511 
-1.245858 
1.323958 
0.469666 
0.051863 
0.166177 
1.695472 
-0.518709 
-0.583388 
-1.636146 
1.092619 
0.535130 
0.461875 
-1.014314 
-0.376004 
0.209585 
0.545032 
-0.378225 
-1.910351 
-0.956719 
0.230480 
-0.189232 
1.559247 
-1.800593 
-1.452227 
0.287135 
-1.316521 
1.104803 
0.639681 
-0.204907 
-1.310651 
0.123313 
0.704131 
0.351211 
-0.373007 
-0.183613 
1.265735 
1.014251 
0.557144 
-1.338208 
-2.609171 
-0.895749 
-0.936637 
-0.460649 
-0.620827 
0.619131 
-0.679715 
1.668940 
-0.119914 
0.057515 
-1.994566 
-0.865416 
-2.485839 
-0.416408 
0.691869 
1.383088 
-1.629585 
-2.087677 
0.383897 
0.139517 
-0.981228 
0.614628 
-0.127439 
0.400294 
-0.417602 
-0.858774 
0.963807 
1.102803 
1.436480 
-0.451657 
-0.498144 
0.342744 
-0.595076 
0.399792 
-0.734615 
-0.203959 
-1.414267 
-1.925947 
0.172886 
-0.306493 
-0.796029 
-0.102681 
-0.362594 
1.296634 
-0.414663 
1.237949 
-0.758799 
-0.874617 
-1.867906 
0.404304 
0.367511 
1.598950 
2.318671 
1.349272 
0.335286 
1.025878 
0.104255 
-0.133087 
-0.582409 
0.722917 
0.321666 
-1.092787 
0.560793 
0.970719 
-0.002365 
0.125752 
0.431829 
-0.763279 
-0.746893 
1.444909 
1.010552 
1.211735 
-0.651952 
1.053533 
0.949895 
0.877155 
-0.240384 
0.116438 
2.108701 
0.494492 
-1.527640 
-0.170801 
-1.961982 
0.732108 
-0.826182 
-0.100370 
0.434359 
0.303657 
-1.432163 
-0.683446 
-1.013391 
-0.522083 
1.958966 
0.280490 
-1.475937 
0.700161 
-0.351655 
0.890565 
-0.375440 
0.061383 
1.250620 
0.327261 
1.358641 
-0.194971 
-0.138647 
0.424144 
-0.408017 
0.360255 
0.569722 
-0.376365 
-0.991432 
-0.436988 
-0.292070 
0.648849 
0.026107 
0.954542 
-0.753213 
0.451614 
0.826392 
0.565675 
-0.759464 
0.535336 
-0.585334 
0.006614 
-0.500139 
0.953138 
-1.786586 
0.191317 
-0.148116 
-1.056562 
0.124787 
-0.387038 
1.052262 
-1.943583 
0.264534 
0.537934 
-2.119671 
0.829186 
1.280481 
0.759602 
1.681959 
0.639788 
-1.999874 
-1.060908 
1.359463 
-0.272076 
-1.093336 
-2.119825 
-1.206214 
-0.703642 
0.582377 
0.619223 
1.659212 
1.011006 
-0.763129 
0.096235 
0.382202 
0.542814 
-1.217812 
-0.744461 
-0.361380 
-0.108688 
1.771158 
0.390422 
-0.999883 
0.109794 
0.022813 
-0.143002 
1.426569 
1.974149 
0.140022 
0.288174 
-1.217260 
1.028494 
-0.848165 
0.250707 
0.277498 
-0.152293 
0.485217 
0.069810 
2.173327 
1.510347 
2.176240 
0.983660 
0.112920 
0.196796 
0.202811 
0.918825 
-0.310164 
0.321271 
-0.800377 
1.020937 
-0.493302 
-1.328281 
-0.279240 
-0.527814 
-0.862094 
-0.582845 
0.636140 
-0.072200 
-1.577127 
1.448811 
0.219476 
0.764998 
-1.135818 
-0.157314 
1.151006 
-1.124974 
0.428030 
1.627976 
-0.710778 
-2.067293 
-2.020698 
-0.087281 
1.400869 
-0.333540 
-0.216519 
-1.704513 
0.331684 
0.141441 
0.681891 
-0.707835 
1.474365 
-0.151978 
-1.680141 
-0.207939 
1.395444 
0.484811 
-1.821410 
1.778175 
0.569155 
0.083248 
-0.026363 
-0.201381 
-0.245597 
-1.012646 
1.161880 
-0.095130 
1.003689 
0.624235 
0.117575 
0.439628 
-0.898347 
0.524639 
1.664570 
1.232284 
0.338449 
0.489995 
-0.017886 
-0.985040 
-0.706063 
-0.883695 
-0.464190 
1.009024 
1.069059 
1.385514 
0.611208 
1.214930 
-1.926499 
0.066858 
-2.628985 
1.209427 
-0.662036 
1.032420 
0.882978 
-0.447229 
-0.858747 
-0.308168 
-0.209162 
0.135225 
-0.267583 
0.444704 
-1.085570 
-0.122203 
-0.355515 
-0.172696 
-0.663920 
-0.528820 
0.171759 
0.328684 
0.678906 
-0.178252 
0.654550 
0.413666 
-0.425380 
-0.476848 
0.697663 
-2.298960 
1.173795 
0.655385 
-1.190740 
2.038478 
-0.069498 
1.114894 
2.918538 
-0.709722 
0.150975 
-3.005973 
-1.062095 
-0.569545 
0.962191 
-0.530294 
0.173764 
-0.244375 
0.711168 
2.678521 
-0.102641 
-0.906851 
-0.539009 
-0.534430 
-0.621227 
2.125923 
0.018860 
0.104706 
-0.855031 
-0.548559 
0.758574 
0.086164 
0.815944 
0.087386 
-0.561404 
1.533977 
0.138905 
2.672163 
1.103375 
-1.455402 
-1.131542 
-0.962193 
-0.383103 
0.005154 
0.732601 
1.485427 
0.197938 
0.078722 
-0.814012 
0.142660 
0.278492 
0.420407 
1.418993 
-1.147092 
0.553495 
-1.394428 
1.258043 
2.640729 
0.968432 
-1.280019 
0.147310 
-0.403464 
-1.349274 
-0.925481 
-1.960791 
-0.647016 
1.096888 
0.378425 
-2.476429 
1.159969 
0.896944 
-1.217672 
-0.713758 
0.361397 
-1.350526 
-1.076655 
-1.037168 
0.507995 
0.056475 
-0.641798 
-1.177031 
-0.346459 
-0.945557 
1.388965 
-1.966502 
-0.628604 
-1.357778 
1.302758 
0.702454 
-0.845138 
-0.423202 
0.458498 
0.244910 
-2.733958 
-1.994589 
-0.511127 
1.178273 
0.439202 
-1.037124 
0.589817 
-0.691954 
-1.180337 
0.090996 
-0.432971 
-0.174135 
-0.979030 
0.010875 
-0.727876 
-1.083339 
0.956799 
-0.011139 
-1.267553 
1.345026 
-0.785938 
0.093500 
-1.122636 
1.958705 
1.958772 
-0.019010 
-0.719463 
0.986112 
0.353197 
-0.079005 
1.612374 
1.213008 
0.174252 
0.607813 
-0.016285 
0.389097 
0.807250 
1.155984 
-0.872391 
0.117220 
0.676006 
-1.306771 
-0.109162 
-0.652873 
-0.292357 
0.265380 
-0.721885 
0.815814 
0.156883 
1.549076 
-0.074722 
-0.274311 
0.226234 
0.563216 
1.128174 
-1.084529 
0.550160 
-1.339436 
0.699380 
-1.157979 
-0.011538 
1.542171 
0.158913 
-0.673811 
-0.570873 
0.068351 
0.526816 
-0.744175 
0.435007 
-0.708289 
0.029699 
0.268981 
-0.305095 
-0.059961 
0.823368 
-0.321364 
-2.104628 
0.601351 
-1.109776 
0.392433 
-0.549693 
1.055077 
-1.489703 
-0.670513 
0.369723 
0.664141 
-0.066864 
-0.498915 
-1.159406 
0.148633 
-1.273008 
2.286045 
-0.244803 
0.553792 
0.587408 
0.834174 
-0.473878 
1.723681 
0.243550 
0.210770 
0.257594 
1.140800 
1.201714 
-0.152526 
-2.000998 
-0.891614 
-1.743207 
-1.427125 
0.409464 
-0.891704 
1.352187 
0.628256 
-0.659729 
-0.039731 
0.938700 
0.258189 
-0.702771 
1.658466 
0.237878 
1.777800 
1.200891 
0.197303 
-0.270815 
-0.949081 
1.423661 
1.376144 
0.036713 
-0.557164 
0.135471 
-0.734453 
-0.385330 
-0.298933 
0.123021 
-0.060022 
1.073159 
-0.858997 
1.184605 
1.132407 
0.575791 
0.307359 
-1.265527 
0.766407 
0.062731 
-0.418028 
0.639667 
0.691816 
2.092973 
0.202291 
-1.588347 
-1.560788 
-1.254511 
-1.274148 
-0.548836 
0.947710 
-0.606090 
-0.736221 
-1.620076 
0.429239 
0.108765 
-0.347533 
-0.010057 
-0.481730 
0.603433 
2.127456 
0.433440 
1.149254 
0.508519 
0.098358 
2.229745 
-1.687856 
-0.498844 
1.366588 
-0.251054 
0.536530 
-0.434259 
1.446641 
0.892462 
-0.533719 
-0.274897 
-0.619123 
0.673816 
-2.367601 
0.886365 
-1.662519 
-2.108065 
-0.276736 
1.301470 
1.671134 
1.371236 
-1.422245 
0.928461 
-0.542572 
-2.516103 
1.135287 
-1.106384 
-1.257260 
-1.716544 
-0.325669 
1.315749 
-1.448453 
1.853207 
-0.545604 
-0.211289 
0.500292 
1.604450 
-0.849099 
1.848680 
0.532901 
-1.390877 
-1.492709 
-0.745852 
-0.591120 
1.928144 
-1.505399 
2.996578 
-2.762229 
-0.276594 
-0.382608 
0.268616 
0.430231 
-0.891342 
0.415901 
-1.719881 
-0.855985 
1.515707 
0.934424 
-1.038809 
1.525892 
-0.182094 
0.042471 
0.475904 
0.172218 
2.315449 
0.068374 
0.137762 
-0.288396 
-1.433523 
0.387598 
0.555987 
0.547808 
0.620886 
1.003894 
-0.773690 
0.559143 
0.604590 
-0.443572 
-0.027364 
-0.813629 
0.389357 
-0.341158 
1.917178 
0.466107 
-0.305379 
-0.726387 
-2.664906 
0.224125 
-0.784196 
0.232353 
-1.504703 
0.782712 
-0.667112 
0.406042 
-0.765287 
-0.070013 
1.210369 
0.068395 
0.323482 
1.251133 
-0.443929 
0.459705 
1.066655 
1.140540 
0.633543 
2.678718 
-1.272662 
-0.842807 
0.293392 
-0.453447 
0.491713 
-1.374790 
0.079565 
0.855053 
-1.010147 
-0.341464 
-2.021191 
-0.833694 
0.305252 
1.292644 
1.254456 
0.256865 
-0.603865 
-1.432671 
0.790952 
0.378120 
-0.561661 
-0.245195 
0.071739 
-0.765477 
-0.680253 
-0.283817 
-0.566810 
1.387391 
0.233734 
0.577467 
2.155935 
-0.369723 
-0.294465 
-1.316286 
0.469367 
-0.486466 
-0.752296 
0.653144 
-1.379741 
-2.579898 
1.676569 
1.334125 
0.673107 
-1.840105 
-0.405253 
2.286923 
0.818670 
-0.720073 
-0.559263 
-0.361782 
-0.304909 
-0.983518 
1.999038 
0.975890 
0.383253 
1.531079 
-0.945292 
0.047985 
0.102072 
-1.170641 
0.673963 
-0.197611 
1.273124 
0.696731 
-0.574059 
1.431805 
1.160311 
0.903346 
0.877378 
-0.383692 
-1.469321 
0.666610 
0.880534 
1.010124 
-1.048329 
-0.584156 
0.805059 
0.733842 
0.854381 
-0.872472 
0.832466 
0.394731 
0.723879 
-2.464136 
-0.907481 
1.540824 
1.116041 
-1.683495 
-0.738346 
-2.359750 
0.193513 
-0.119654 
-0.695843 
-0.887014 
-0.861173 
-1.767903 
-1.421768 
0.483374 
0.219665 
1.114138 
0.522120 
-0.133556 
-0.322016 
-1.363327 
-0.633659 
-0.173669 
-0.359268 
-1.820943 
-0.845553 
-1.096179 
0.335361 
-0.077722 
-0.549555 
-1.047043 
-1.015743 
-2.264740 
1.366289 
-0.975015 
-2.482991 
-0.383179 
0.567183 
-0.881737 
-0.276329 
0.094796 
0.082015 
1.130611 
-1.502078 
1.243735 
1.455398 
0.544753 
-0.919127 
-1.215332 
-0.484458 
-0.430741 
0.289849 
0.934338 
0.960555 
1.013724 
-0.047575 
-0.148308 
0.155063 
0.449718 
-1.004210 
0.674031 
-0.053017 
-1.776792 
-0.611524 
0.076255 
0.439978 
0.619055 
0.356404 
0.765864 
0.226391 
-0.412545 
1.060008 
0.050290 
-0.080012 
-1.160906 
0.804029 
-0.765766 
0.862663 
-1.284665 
0.230651 
-0.400883 
-0.089730 
-1.398569 
-0.559835 
0.958701 
2.305610 
0.694459 
-1.852633 
-0.467792 
0.417304 
-0.689281 
2.061031 
-0.060546 
1.285074 
0.285665 
0.073082 
1.833877 
-1.203366 
-0.497324 
-1.570533 
0.276974 
0.430392 
0.533408 
1.062940 
-1.288610 
1.429799 
-1.847026 
0.541911 
-1.933732 
0.808910 
0.246629 
1.203770 
0.678344 
1.288683 
-0.594646 
-1.589023 
-2.005329 
2.028888 
1.133439 
0.763083 
0.526247 
-0.979679 
0.137004 
-0.266644 
0.455153 
-0.565548 
2.471639 
-1.245716 
0.783823 
0.657481 
-0.281117 
3.061355 
-0.436572 
-0.128566 
2.185429 
1.694318 
-1.489827 
1.116121 
0.425334 
0.543110 
-0.559188 
-1.318081 
-1.368036 
-1.175397 
-0.606761 
-1.179738 
1.007916 
0.246803 
0.224725 
-1.218532 
0.729602 
-2.511052 
-0.643250 
0.595505 
2.002306 
-0.414639 
0.868574 
2.246588 
-0.625355 
-0.701795 
2.314025 
0.117880 
1.140671 
0.307821 
0.749511 
0.657652 
0.437012 
-2.791120 
-0.531725 
-0.453651 
-0.881764 
-0.779324 
-0.509586 
-1.204966 
0.044462 
-0.792296 
-0.761768 
-1.633065 
0.878132 
-1.847696 
0.796593 
-0.003132 
0.634586 
-0.651625 
0.536954 
0.939742 
0.224886 
0.163325 
0.029722 
-0.133178 
0.163049 
-0.359155 
-1.731818 
1.066619 
-0.641022 
-0.099075 
-0.164638 
0.635971 
1.502347 
-2.185419 
0.288468 
-0.406008 
-1.370843 
-0.359221 
-0.161028 
2.231081 
-1.464903 
1.932028 
0.027730 
0.831832 
-0.429993 
-1.053528 
0.658364 
0.785046 
0.919479 
-0.238113 
0.991509 
-0.199120 
1.317926 
0.144809 
-0.248959 
-1.691452 
2.295629 
0.719578 
-0.414688 
0.203475 
-0.317292 
-0.626751 
-0.821407 
-1.557956 
1.373410 
0.866809 
-0.195203 
-0.383592 
1.004969 
-1.848061 
-2.855897 
-0.859185 
-0.962584 
1.404834 
-0.853427 
-1.714079 
-1.528007 
-0.493628 
0.697867 
-2.574018 
-0.523765 
-0.768465 
1.165553 
2.070432 
0.541639 
0.738669 
-0.638784 
-1.027603 
-0.087275 
0.753691 
2.213808 
0.268444 
-0.979267 
-0.974447 
-1.123199 
0.643350 
0.381771 
0.147831 
0.481342 
-0.093540 
-0.538225 
0.438291 
0.587050 
-1.028668 
-2.327008 
-0.656072 
-1.157509 
-0.900627 
0.976582 
-0.758646 
-0.110845 
2.872106 
0.023042 
-0.994894 
0.218884 
-1.442123 
-0.761493 
-0.546094 
0.011821 
1.207166 
0.156874 
-0.195069 
0.228142 
-1.200888 
0.410752 
-0.628487 
0.491040 
-0.355846 
-0.908240 
-1.723163 
0.160348 
0.464124 
-0.580173 
-1.365220 
-1.167074 
1.030657 
-0.739578 
0.283184 
-0.015963 
0.996638 
-0.551678 
0.019720 
1.733938 
0.738265 
2.190645 
0.234525 
0.691141 
1.108448 
0.977994 
-0.933807 
-2.056217 
0.583136 
-0.850820 
2.131320 
0.544004 
0.705080 
0.728003 
1.154988 
-0.300536 
-0.065825 
0.222631 
1.059335 
0.493251 
-0.521490 
0.954909 
0.278973 
-1.002461 
0.031290 
-1.132210 
-0.743015 
0.595712 
-1.907924 
-1.429951 
1.401679 
0.423753 
0.646294 
1.046725 
1.254821 
0.301823 
0.848252 
-0.753830 
-0.296690 
-0.328740 
-0.682729 
-0.524739 
0.449572 
-0.230808 
0.154615 
-0.395527 
0.062905 
0.958319 
-1.721383 
1.363689 
0.571687 
1.424634 
1.060374 
-1.247670 
-0.129012 
-0.469316 
-1.437714 
1.596567 
-0.349867 
-0.239914 
0.925542 
-0.134572 
-0.126842 
0.460819 
0.660576 
0.815713 
0.589903 
0.835704 
-0.399052 
-1.757437 
1.972480 
-0.593558 
1.578732 
1.545747 
0.904430 
0.682545 
0.200397 
-0.180379 
-0.433029 
-0.635949 
-0.585829 
1.699922 
-2.057834 
-0.206094 
-0.398396 
0.914800 
0.262536 
-0.962986 
1.292602 
1.587788 
0.285598 
0.118386 
0.379676 
-0.452431 
1.391794 
-1.856547 
1.477884 
-0.777203 
-0.821682 
0.161559 
0.341558 
0.548982 
0.606604 
-1.342151 
0.702622 
0.683794 
0.705861 
0.178755 
0.298683 
-0.845154 
-0.011120 
0.800335 
-1.494297 
-0.393429 
-1.326258 
1.338116 
0.456685 
1.297877 
-0.371820 
0.557762 
0.603195 
1.029131 
0.247197 
0.528541 
-1.635826 
1.227708 
-0.494828 
-0.681460 
-1.664839 
0.098398 
0.078018 
0.350823 
0.640647 
-0.301634 
1.073993 
-0.453051 
-1.209694 
-0.412320 
-0.693574 
0.159352 
0.428914 
-1.128043 
0.294406 
-0.512159 
0.906334 
-0.731184 
-0.086664 
-0.507535 
-0.258462 
0.525138 
-0.736508 
-1.383216 
-0.982083 
-1.347676 
0.474856 
0.203856 
0.736707 
-0.782006 
0.345770 
-0.578312 
0.608575 
0.568222 
0.194509 
1.921669 
-1.063641 
-0.214013 
0.006420 
0.187399 
0.744766 
1.433323 
-0.666400 
0.163922 
-2.014762 
-1.650089 
0.133948 
-0.021940 
-0.627369 
-1.572022 
-0.380300 
1.096897 
0.358980 
-0.835893 
-0.040978 
1.081008 
0.686582 
-2.285094 
0.235624 
0.792658 
-0.161042 
-1.145204 
0.155520 
0.440059 
-0.471869 
-0.316693 
-0.010802 
0.442260 
0.356308 
0.637503 
-0.296530 
-0.867463 
0.807721 
0.665294 
-0.902525 
0.487885 
0.637848 
-0.653488 
1.391086 
0.151971 
-1.395352 
0.312226 
1.146366 
-0.726282 
-0.249585 
1.365683 
0.785492 
-0.247709 
-0.416732 
0.436430 
0.481847 
0.314036 
-0.712181 
0.079517 
0.507328 
1.464335 
1.355075 
-0.143317 
-0.275153 
-0.317912 
1.921389 
1.093516 
1.815168 
0.142660 
0.764052 
-1.686576 
-1.281107 
0.137590 
-0.926814 
-1.570450 
-0.215936 
1.028667 
-0.543263 
-0.252134 
2.273377 
1.723760 
-0.772720 
0.013931 
-2.237798 
0.507166 
0.094915 
0.379836 
1.344934 
0.572809 
-1.410099 
-1.618990 
0.184551 
-0.629316 
-0.943766 
-2.246945 
-0.736674 
0.852354 
-0.654783 
-0.005505 
-0.638405 
0.225934 
-0.136507 
1.227318 
-1.080757 
0.364652 
0.151201 
-1.749840 
0.314559 
-1.053134 
-1.343928 
-0.080484 
1.175645 
0.499407 
1.505585 
-0.416338 
0.006836 
0.510803 
0.881928 
-0.680775 
-0.414155 
-0.102137 
-0.065598 
0.310069 
0.401303 
-0.373781 
0.212754 
0.873321 
-1.199357 
-0.520823 
-2.371698 
1.274322 
1.004019 
-0.493552 
-0.490121 
2.164541 
0.199835 
-1.590829 
1.233529 
0.426290 
1.230573 
1.311131 
-2.353677 
-0.253328 
2.390921 
0.027139 
-0.556282 
0.076021 
1.306825 
-0.083787 
1.569772 
-0.803857 
-1.308110 
-0.739019 
-0.564669 
0.207799 
1.930024 
-1.325145 
-1.838084 
-0.807689 
-1.657282 
0.168887 
-0.092378 
-0.908952 
0.567118 
-1.428858 
-0.252913 
0.265389 
-0.216041 
0.082304 
-0.437578 
-0.587859 
-0.275512 
0.015547 
-0.563375 
0.075856 
0.859906 
-2.179974 
-0.484605 
0.085771 
-0.072332 
1.859888 
0.895788 
0.562864 
0.732701 
-1.032474 
0.658316 
-0.309916 
-1.961948 
-2.152943 
0.746149 
-0.649754 
-0.023672 
-0.336011 
-1.040160 
-0.536736 
0.416152 
-2.243006 
0.305987 
-0.909260 
0.910250 
-0.053674 
-0.152543 
-0.972064 
-1.124629 
1.129738 
-1.049643 
1.029026 
1.051364 
0.091613 
0.506268 
-0.395075 
-0.523777 
1.293057 
-2.638776 
-0.409722 
-0.227601 
-0.782633 
1.379581 
-0.047812 
0.529390 
-0.463209 
0.313150 
-2.448463 
1.239921 
0.726325 
-0.731739 
0.948501 
1.009198 
-1.256755 
0.670984 
0.296047 
-0.532076 
-0.089483 
1.858112 
-0.181465 
-0.709739 
0.604824 
1.041152 
-0.056547 
-0.229296 
1.080447 
1.686136 
-0.227654 
0.723806 
-1.892740 
-0.703149 
-0.655524 
-1.385859 
0.040294 
-0.839364 
-1.028715 
1.110307 
0.090191 
1.141898 
0.304025 
1.856162 
0.618597 
0.651861 
0.937341 
-0.873093 
-1.050417 
1.075945 
0.903193 
-0.816329 
-0.106564 
-0.014247 
0.581500 
0.342838 
-1.466746 
0.952964 
0.096192 
0.198629 
0.305555 
0.204119 
-0.273076 
-0.998549 
-0.294659 
-0.417273 
0.830244 
2.404791 
-0.699038 
0.843313 
0.431178 
0.154274 
0.750126 
0.472205 
0.115759 
-1.289186 
-0.778689 
1.387012 
0.804394 
0.469655 
1.323262 
0.447652 
0.077205 
-0.300574 
-0.509345 
-0.079462 
-1.508997 
-0.286185 
1.372396 
-0.170626 
0.176609 
0.274156 
2.199409 
-1.047529 
-1.360769 
0.640337 
0.820909 
-0.543960 
-0.917934 
-0.189267 
-0.713667 
0.497225 
0.201161 
-3.331763 
0.123951 
-0.985511 
-0.751127 
0.222708 
-0.620371 
-1.338493 
-0.198232 
-0.746183 
-0.434169 
-1.680043 
0.893113 
-0.234018 
0.114707 
-1.204533 
-0.157438 
1.283404 
-0.082462 
1.124397 
0.565262 
0.176129 
0.017211 
-0.284064 
0.979672 
0.542885 
-1.328249 
1.394660 
0.032124 
0.729673 
0.510248 
1.257542 
-0.949808 
-0.187983 
-0.308676 
1.473924 
2.321890 
-0.359200 
0.440982 
-1.399552 
-0.121209 
-0.931237 
0.461752 
2.021194 
-0.033396 
0.387592 
0.990865 
-0.945305 
-1.607547 
-0.035824 
-0.863527 
1.347303 
1.431956 
-0.676604 
1.285934 
-1.315881 
0.386101 
0.058906 
-0.027168 
-0.563015 
-1.032214 
-0.307442 
0.506283 
0.322560 
1.036892 
-0.632677 
-0.926837 
0.176140 
-0.443944 
0.946064 
-1.450426 
-0.516928 
0.092535 
-0.566792 
-0.986347 
1.072684 
0.891909 
1.695457 
0.639241 
-0.553347 
-0.275572 
0.359186 
1.177444 
-0.191211 
-1.678346 
-1.007261 
0.646125 
0.004743 
0.933516 
0.428634 
-1.416310 
1.252928 
-1.251471 
-0.082476 
0.131337 
0.420951 
1.443010 
1.047174 
-0.987304 
-0.960289 
1.022211 
0.628662 
0.180160 
-0.044130 
0.592770 
-0.467292 
2.149977 
-0.043851 
-0.031840 
-0.371524 
0.233496 
0.142263 
-0.906013 
0.930680 
-0.679549 
-0.885055 
0.472822 
-0.470574 
-0.293260 
-1.457805 
-0.637806 
0.624482 
-0.221872 
-0.049172 
-0.999887 
-1.685553 
-0.834139 
-0.536940 
-0.438519 
1.062586 
-0.302294 
1.297632 
1.516103 
0.148565 
-0.530862 
0.107476 
-0.421000 
-0.225212 
0.712909 
0.778703 
-1.286705 
-1.122585 
1.257114 
-0.496783 
-0.554185 
1.519629 
0.779661 
1.239316 
-0.515101 
1.633408 
-0.445371 
0.118948 
-0.855527 
0.156922 
-0.290838 
0.464384 
-1.148363 
-1.151466 
-0.925596 
-0.757507 
-0.855923 
-0.557742 
-1.605491 
-0.894140 
-2.082277 
-1.633125 
0.425500 
-1.150584 
-0.134857 
-0.739463 
0.804852 
-2.348282 
0.013495 
1.549012 
0.904743 
0.669560 
-0.409452 
3.384882 
-0.097385 
1.031826 
1.716427 
-0.265458 
0.027174 
-0.359886 
-1.012852 
0.730186 
-0.081872 
-1.893242 
-0.046317 
1.102190 
-0.196313 
0.435156 
-0.170029 
-2.040491 
-0.527052 
-0.205972 
-1.513102 
-1.905276 
0.751622 
0.387673 
-0.782775 
-1.702424 
1.077116 
0.959587 
-0.597041 
-0.071981 
0.480768 
-0.260800 
0.159828 
1.876242 
-0.003703 
1.263120 
0.904984 
-0.749300 
1.263724 
-0.614774 
0.441164 
-0.029795 
-0.356444 
1.127186 
0.508790 
-0.157880 
0.845073 
0.639191 
0.739137 
0.002744 
-1.856897 
0.350106 
1.173777 
-0.448487 
-0.628680 
-0.097418 
0.524312 
0.338867 
-0.418156 
1.522613 
-1.324449 
-1.390642 
2.487624 
0.343793 
1.051065 
-0.849053 
-0.152043 
1.750566 
-0.077994 
-0.522082 
0.062982 
-2.222755 
0.898260 
-0.569020 
-1.005641 
-0.488240 
-0.324495 
-0.695324 
-2.006729 
-0.805374 
-0.072025 
-0.977598 
-0.577288 
-0.346293 
0.149849 
0.072028 
-0.613611 
-1.182095 
-1.230848 
0.389896 
-0.477894 
0.605879 
0.540679 
0.933670 
0.625574 
-0.293320 
0.063440 
0.292504 
-0.085424 
-1.006812 
-0.470654 
1.807215 
-0.432643 
-1.162562 
0.130224 
-0.386370 
1.600653 
0.591273 
0.491505 
-0.647571 
0.992771 
-0.790453 
1.227239 
-2.201388 
1.487511 
-0.703724 
-0.184619 
-0.143768 
0.311852 
0.291563 
1.617503 
-0.082244 
0.252172 
0.561620 
0.261245 
-0.244457 
0.600111 
-0.924359 
-0.385429 
0.506632 
0.030291 
0.642185 
-0.507129 
-0.822027 
0.033044 
-0.206171 
-1.448265 
-0.028193 
-0.078571 
-1.545890 
-2.083796 
-0.525883 
1.630377 
0.422367 
2.000552 
-0.985174 
0.079900 
-1.122866 
1.703615 
-1.218463 
0.177847 
0.486343 
-1.054334 
1.161921 
-0.662996 
-1.324687 
0.120638 
-0.223401 
0.045063 
-0.468343 
1.093754 
0.076461 
0.606235 
-1.468214 
1.168050 
-0.545031 
1.225490 
-1.083733 
0.107920 
-2.468751 
-0.628729 
0.780516 
0.262102 
1.157216 
0.479408 
-1.242351 
0.430176 
-0.042124 
1.800645 
0.529771 
0.985475 
0.488328 
-0.443087 
0.717072 
0.792181 
0.933262 
-0.232294 
-1.422274 
0.636815 
-0.520587 
1.223193 
-0.496436 
1.397524 
1.789790 
-1.000972 
0.565648 
0.989217 
0.340110 
-0.924325 
-1.336339 
1.225647 
0.371191 
-1.578985 
-1.124568 
1.023370 
-0.620561 
0.970231 
0.978605 
-0.785756 
1.133106 
0.795326 
-1.540221 
0.324298 
0.814569 
0.942943 
-0.439462 
0.938195 
-1.307110 
-1.006493 
0.134517 
-0.158401 
-0.441433 
0.941259 
0.800386 
-0.613078 
-0.595383 
1.303457 
0.519209 
-0.477383 
-1.298359 
0.234767 
-0.524505 
-1.101076 
-0.104320 
-0.002162 
0.104853 
-0.637499 
0.106114 
0.051537 
-0.089178 
0.088917 
-0.360826 
1.337367 
0.546431 
-0.800587 
1.532458 
-1.848522 
-0.474815 
0.805423 
1.755495 
-0.597788 
2.084898 
1.550930 
0.940511 
-0.179558 
0.051225 
1.808774 
1.389037 
0.315818 
0.188313 
1.558883 
0.659754 
0.044861 
0.185875 
0.542751 
-0.587327 
-0.421801 
-0.775986 
0.350558 
-0.180004 
0.475785 
-1.215140 
-0.730324 
0.968441 
0.303263 
1.463209 
1.059397 
-0.006661 
0.527169 
-0.074142 
-0.303468 
-0.956165 
0.634454 
0.715344 
-0.217214 
-0.140625 
0.212877 
0.825391 
-1.266023 
-0.112147 
0.550873 
0.564105 
0.792628 
0.302711 
-0.300551 
-0.571996 
1.333944 
0.658449 
0.945295 
1.395046 
0.127521 
-0.310309 
0.241006 
0.629462 
-1.766886 
0.867203 
-1.687284 
-0.110524 
-0.228526 
-1.947936 
-0.455493 
0.498487 
0.834723 
-0.965685 
-1.307886 
1.358313 
0.083792 
-0.624079 
-0.314951 
-0.623169 
0.281906 
0.666644 
-1.651512 
-1.962366 
-0.044805 
-0.392481 
1.404053 
-0.222299 
-0.284890 
-1.046240 
1.465587 
1.112901 
-0.332556 
-0.369482 
0.733163 
-1.194453 
-0.448237 
-0.551738 
-0.118793 
2.515453 
-1.267808 
-1.508117 
1.635447 
-0.054596 
0.626701 
-1.085807 
-0.740335 
0.164976 
-0.446857 
1.550499 
0.547394 
-0.456669 
-0.673552 
-0.389167 
0.708986 
0.600096 
0.803418 
-1.140188 
-0.375437 
1.133133 
-1.485738 
0.458659 
-1.025168 
0.844326 
-0.322929 
1.769147 
-0.195881 
0.668330 
-1.125290 
-0.400628 
0.349680 
-2.558602 
0.020755 
-0.726327 
-0.446890 
0.200601 
1.852055 
-1.200621 
-0.328351 
-0.564874 
-0.453512 
0.329434 
0.769212 
0.082491 
-1.000494 
-0.739002 
0.799910 
-0.111612 
0.348430 
0.961888 
0.698535 
-1.523122 
0.849054 
-0.521361 
0.589900 
-0.618035 
0.325352 
-1.289306 
1.543592 
-1.469213 
-1.473409 
-1.055455 
-0.049049 
0.866526 
-0.001332 
0.263420 
-0.981714 
-0.352844 
0.501226 
2.252920 
-0.577523 
-1.587787 
-1.142200 
0.497713 
1.052441 
1.313926 
1.110760 
0.306806 
1.225938 
0.721956 
0.396602 
0.967884 
-0.947668 
-0.789455 
0.025522 
-0.436439 
-0.712537 
1.145740 
-0.407775 
0.731507 
-1.749803 
0.845451 
-0.571448 
-2.260737 
-0.618157 
-0.266792 
1.032402 
0.411928 
-0.529606 
0.186356 
-0.254731 
-0.069503 
0.831327 
0.692068 
-1.556067 
1.277778 
0.998420 
-0.106201 
-0.896216 
-0.210598 
0.209833 
-1.487374 
-0.411234 
0.005634 
0.615189 
0.962505 
1.216850 
1.747720 
-0.872693 
-1.047796 
1.337811 
-1.478371 
-0.820716 
1.068306 
-1.588333 
0.750381 
1.069774 
-1.109144 
0.837719 
-1.767383 
-0.657616 
-0.026477 
-0.300706 
0.348099 
0.158170 
0.866937 
-1.177353 
-0.494110 
1.415639 
0.459427 
0.255368 
-0.011713 
1.448359 
2.096941 
-1.237464 
0.243185 
1.259159 
0.429454 
-2.679003 
-0.772331 
-0.458319 
-0.253978 
1.269200 
2.036316 
0.478656 
0.927679 
1.237825 
-0.512304 
-0.688475 
0.139952 
0.540047 
-1.191593 
0.785022 
-0.212969 
-0.595367 
1.026071 
0.111786 
-0.333222 
-0.324803 
-0.348967 
1.004090 
-1.776022 
-0.478200 
-1.947055 
0.966852 
-1.404728 
-0.828076 
-0.987854 
1.048475 
-0.064383 
-0.237345 
-0.590864 
0.838976 
-1.401285 
-0.664794 
0.602745 
-1.629637 
0.015309 
-0.476144 
1.745316 
1.134767 
0.014732 
0.341819 
-0.258937 
3.154668 
-0.194892 
-2.014460 
-0.591608 
-0.454380 
-1.594280 
0.280449 
1.391488 
-0.515756 
-1.295777 
-0.736013 
0.328444 
-0.128448 
-1.957930 
0.562071 
0.582848 
-1.808788 
0.165221 
0.755273 
0.565286 
-0.421393 
0.909961 
-1.313420 
-1.973415 
1.010067 
0.109160 
0.682613 
-0.894224 
1.613545 
-0.589999 
0.664245 
-1.126214 
-0.996626 
-0.906838 
-0.281493 
0.448697 
1.017813 
0.998813 
0.599903 
0.588096 
-0.258052 
-0.598051 
-0.080363 
0.537799 
-0.595233 
1.671775 
1.575976 
0.780593 
0.520496 
-0.872693 
-2.437792 
-0.807491 
-1.358234 
0.769996 
1.628649 
0.292744 
-0.411376 
-1.009683 
-0.547800 
0.700680 
-0.029344 
1.880181 
-0.866922 
-2.695591 
0.142818 
-1.027465 
0.528104 
0.149692 
1.525242 
-1.836844 
0.454246 
0.694508 
-1.301251 
1.061056 
2.218616 
0.199501 
1.040405 
0.192347 
-1.517526 
0.571360 
-0.510825 
-0.338310 
0.484465 
0.788325 
-1.656041 
1.626201 
0.693393 
-0.238778 
0.964736 
-0.963915 
0.054158 
0.877596 
-0.361007 
-0.247715 
-0.880271 
0.287393 
-0.292251 
-0.193424 
1.715310 
0.503353 
-0.564796 
0.475404 
-1.932577 
-1.811694 
-0.621481 
-0.998403 
-0.452353 
0.847963 
0.331427 
-1.835073 
-0.333855 
1.855597 
-0.761770 
-2.790185 
-2.191323 
-1.238725 
0.693116 
-0.628931 
0.231868 
-0.192139 
-0.469374 
1.471046 
-1.465338 
-1.363862 
-0.315795 
0.921608 
1.139572 
-2.025012 
0.559963 
-0.822684 
-0.300204 
-1.962259 
-0.397838 
-0.892472 
-0.778428 
1.443653 
1.153170 
0.529844 
-1.219677 
-1.242167 
0.290646 
-1.964321 
-0.098231 
-0.770149 
0.366613 
-1.211231 
-0.186730 
-1.798427 
0.066485 
-0.237118 
-1.747300 
-0.201474 
0.097964 
-0.900872 
0.805628 
-0.692586 
-1.888189 
-0.382573 
-0.981895 
-0.722377 
-1.530954 
0.810932 
-1.383192 
-0.139302 
-0.297690 
0.527676 
-0.991672 
0.395149 
0.899456 
-0.245768 
-0.438045 
0.441906 
-0.115425 
1.881118 
0.125529 
-2.070953 
0.687991 
0.666750 
-1.088587 
-0.661095 
0.804284 
-0.992826 
-0.580840 
0.217852 
-1.172700 
0.229974 
-0.059156 
1.740560 
0.431751 
-0.625980 
0.877179 
-0.500965 
1.050924 
-1.550021 
1.039625 
0.410262 
0.604075 
-0.422462 
0.737019 
-0.078676 
0.314624 
-0.665392 
0.749818 
-0.075925 
0.782327 
0.725121 
-0.961980 
-1.285341 
-1.022222 
-0.937433 
-1.091520 
-0.842513 
-0.074197 
-0.740284 
0.959907 
0.322249 
1.134804 
0.441009 
0.642666 
