236.0705584824973
108.02593117391962
98.3036142429396
38.51072552542337
26.064240934135796
52.53348799069681
91.57565790005901
121.72070927196637
214.17590658838162
143.53560210054275
115.48848582950814
39.79154026201013
75.17085816848157
41.28216644095255
13.230761187147664
160.61612978829908
22.13891008417938
4.771757360849165
42.32250909863524
19.36044444227207
36.33373116094117
270.74415402570594
148.97290971683105
164.48092141144662
346.64047691132873
9.456513163234337
111.6286489359901
250.54789532759605
42.74241093462655
240.75462187800804
83.4437047418287
52.624449069420734
264.12932255400847
106.14470603290465
72.55516679737593
65.99265435198686
24.117796014790372
6.215259002580524
178.16309820138122
3.612172536921719
242.24420787560393
196.6013255696642
49.20475528164707
205.99843413420604
147.85761684687634
24.389831586144282
55.711727567391335
24.41734644706696
108.38131841328413
133.22943986520568
