-0.016933
0.033866
-0.045083
-0.010211
0.026921
0.030503
0.017152
-0.060105
0.020129
0.026503
0.031134
-0.025049
-0.021623
0.020484
0.032279
0.032653
-0.074557
0.019079
0.025573
0.034182
-0.012050
-0.039957
0.024998
0.031836
0.033095
-0.064152
0.005444
0.028792
0.032586
0.003391
-0.054504
0.022623
0.027811
0.036451
-0.044785
-0.008872
0.025411
0.030405
0.020172
-0.066475
0.020407
0.032485
0.033812
-0.028883
-0.025802
0.024551
0.032108
0.035931
-0.084703
0.022941
0.027392
0.038020
-0.013861
-0.041282
0.024299
0.034089
0.031999
-0.064525
0.004128
0.030585
0.035204
-0.001757
-0.056381
0.027041
0.032707
0.033981
-0.050376
-0.008407
0.028211
0.034693
0.019190
-0.075298
0.025092
0.034698
0.034022
-0.032101
-0.027553
0.028620
0.035283
0.037147
-0.094405
0.024141
0.034990
0.037087
-0.019058
-0.044492
0.029480
0.034807
0.036271
-0.070615
0.004687
0.032493
0.035917
0.001123
-0.064080
0.025529
0.038799
0.038943
-0.056577
-0.012461
0.033060
0.036542
0.020929
-0.082160
0.023823
0.040395
0.036451
-0.040399
-0.030518
0.033741
0.040069
0.037588
-0.101261
0.025739
0.037060
0.038960
-0.019203
-0.049229
0.027069
0.043200
0.037299
-0.081511
0.009404
0.034320
0.038645
-0.000093
-0.070070
0.030460
0.039741
0.039394
-0.061411
-0.013096
0.036223
0.038493
0.020072
-0.089737
0.031920
0.039473
0.038706
-0.040383
-0.035702
0.036721
0.038797
0.044178
-0.111970
0.031998
0.034509
0.041485
-0.018563
-0.052657
0.032818
0.039172
0.042578
-0.129445
-0.107820
-0.028248
0.019398
0.022437
0.075834
-0.047014
0.127094
-0.023495
0.127012
0.068988
-0.026575
-0.026613
-0.017673
0.015008
-0.006133
-0.039510
-0.061661
-0.061580
-0.055340
0.052512
0.013861
-0.146964
0.151206
-0.018953
0.048364
-0.041210
0.008350
-0.061202
0.094169
0.010733
-0.066673
0.069494
-0.077920
-0.085418
0.137431
0.138532
-0.061115
-0.002576
-0.026690
-0.082188
0.072086
-0.066783
-0.066994
-0.014323
0.007868
0.004525
0.078579
-0.055720
0.075234
0.077459
0.035501
-0.073796
-0.041719
-0.063065
-0.075594
-0.030926
-0.036881
-0.061885
-0.068214
-0.031853
0.081637
-0.077347
0.078168
-0.006497
-0.053252
-0.089185
-0.091103
0.156051
-0.028633
0.062815
0.103115
-0.066618
-0.045879
-0.117420
-0.042781
0.024788
0.072893
-0.020006
-0.034962
-0.048933
-0.116820
-0.019381
-0.055175
0.061405
-0.016625
0.066088
0.001420
-0.038016
-0.030421
0.069533
-0.049712
0.113937
-0.022985
-0.056866
-0.000710
-0.108119
-0.081870
-0.033234
-0.030426
-0.005440
-0.048321
-0.033193
-0.002840
-0.024843
0.035917
0.008290
0.060207
0.030512
0.068787
-0.088687
0.045035
0.015748
-0.085468
0.002769
0.062614
-0.017946
0.015134
-0.008559
0.065677
-0.036758
0.011323
0.036109
-0.084792
-0.011376
-0.041344
0.041759
0.067947
-0.067756
-0.016045
0.064102
0.084370
-0.052579
0.029279
0.069748
-0.029659
0.086333
-0.035769
0.063435
-0.005914
-0.049249
-0.008522
-0.020021
0.087132
-0.072924
-0.025517
-0.027965
-0.048415
0.029919
-0.003929
-0.004715
0.055108
0.079512
0.084709
0.105919
-0.105298
0.039048
-0.059239
-0.005207
-0.040684
0.005253
-0.010319
0.084943
-0.040183
0.150576
-0.138872
0.032323
-0.062936
-0.070898
-0.016933
0.033866
-0.045083
-0.010211
0.026921
0.030503
0.017152
-0.060105
0.020129
0.026503
0.031134
-0.025049
-0.021623
0.020484
0.032279
0.032653
-0.074557
0.019079
0.025573
0.034182
-0.012050
-0.039957
0.024998
0.031836
0.033095
-0.064152
0.005444
0.028792
0.032586
0.003391
-0.054504
0.022623
0.027811
0.036451
-0.044785
-0.008872
0.025411
0.030405
0.020172
-0.066475
0.020407
0.032485
0.033812
-0.028883
-0.025802
0.024551
0.032108
0.035931
-0.084703
0.022941
0.027392
0.038020
-0.013861
-0.041282
0.024299
0.034089
0.031999
-0.064525
0.004128
0.030585
0.035204
-0.001757
-0.056381
0.027041
0.032707
0.033981
-0.050376
-0.008407
0.028211
0.034693
0.019190
-0.075298
0.025092
0.034698
0.034022
-0.032101
-0.027553
0.028620
0.035283
0.037147
-0.094405
0.024141
0.034990
0.037087
-0.019058
-0.044492
0.029480
0.034807
0.036271
-0.070615
0.004687
0.032493
0.035917
0.001123
-0.064080
0.025529
0.038799
0.038943
-0.056577
-0.012461
0.033060
0.036542
0.020929
-0.082160
0.023823
0.040395
0.036451
-0.040399
-0.030518
0.033741
0.040069
0.037588
-0.101261
0.025739
0.037060
0.038960
-0.019203
-0.049229
0.027069
0.043200
0.037299
-0.081511
0.009404
0.034320
0.038645
-0.000093
-0.070070
0.030460
0.039741
0.039394
-0.061411
-0.013096
0.036223
0.038493
0.020072
-0.089737
0.031920
0.039473
0.038706
-0.040383
-0.035702
0.036721
0.038797
0.044178
-0.111970
0.031998
0.034509
0.041485
-0.018563
-0.052657
0.032818
0.039172
0.042578
-0.129445
-0.107820
-0.028248
0.019398
0.022437
0.075834
-0.047014
0.127094
-0.023495
0.127012
0.068988
-0.026575
-0.026613
-0.017673
0.015008
-0.006133
-0.039510
-0.061661
-0.061580
-0.055340
0.052512
0.013861
-0.146964
0.151206
-0.018953
0.048364
-0.041210
0.008350
-0.061202
0.094169
0.010733
-0.066673
0.069494
-0.077920
-0.085418
0.137431
0.138532
-0.061115
-0.002576
-0.026690
-0.082188
0.072086
-0.066783
-0.066994
-0.014323
0.007868
0.004525
0.078579
-0.055720
0.075234
0.077459
0.035501
-0.073796
-0.041719
-0.063065
-0.075594
-0.030926
-0.036881
-0.061885
-0.068214
-0.031853
0.081637
-0.077347
0.078168
-0.006497
-0.053252
-0.089185
-0.091103
0.156051
-0.028633
0.062815
0.103115
-0.066618
-0.045879
-0.117420
-0.042781
0.024788
0.072893
-0.020006
-0.034962
-0.048933
-0.116820
-0.019381
-0.055175
0.061405
-0.016625
0.066088
0.001420
-0.038016
-0.030421
0.069533
-0.049712
0.113937
-0.022985
-0.056866
-0.000710
-0.108119
-0.081870
-0.033234
-0.030426
-0.005440
-0.048321
-0.033193
-0.002840
-0.024843
0.035917
0.008290
0.060207
0.030512
0.068787
-0.088687
0.045035
0.015748
-0.085468
0.002769
0.062614
-0.017946
0.015134
-0.008559
0.065677
-0.036758
0.011323
0.036109
-0.084792
-0.011376
-0.041344
0.041759
0.067947
-0.067756
-0.016045
0.064102
0.084370
-0.052579
0.029279
0.069748
-0.029659
0.086333
-0.035769
0.063435
-0.005914
-0.049249
-0.008522
-0.020021
0.087132
-0.072924
-0.025517
-0.027965
-0.048415
0.029919
-0.003929
-0.004715
0.055108
0.079512
0.084709
0.105919
-0.105298
0.039048
-0.059239
-0.005207
-0.040684
0.005253
-0.010319
0.084943
-0.040183
0.150576
-0.138872
0.032323
-0.062936
-0.070898
-0.016933
0.033866
-0.045083
-0.010211
0.026921
0.030503
0.017152
-0.060105
0.020129
0.026503
0.031134
-0.025049
-0.021623
0.020484
0.032279
0.032653
-0.074557
0.019079
0.025573
0.034182
-0.012050
-0.039957
0.024998
0.031836
0.033095
-0.064152
0.005444
0.028792
0.032586
0.003391
-0.054504
0.022623
0.027811
0.036451
-0.044785
-0.008872
0.025411
0.030405
0.020172
-0.066475
0.020407
0.032485
0.033812
-0.028883
-0.025802
0.024551
0.032108
0.035931
-0.084703
0.022941
0.027392
0.038020
-0.013861
-0.041282
0.024299
0.034089
0.031999
-0.064525
0.004128
0.030585
0.035204
-0.001757
-0.056381
0.027041
0.032707
0.033981
-0.050376
-0.008407
0.028211
0.034693
0.019190
-0.075298
0.025092
0.034698
0.034022
-0.032101
-0.027553
0.028620
0.035283
0.037147
-0.094405
0.024141
0.034990
0.037087
-0.019058
-0.044492
0.029480
0.034807
0.036271
-0.070615
0.004687
0.032493
0.035917
0.001123
-0.064080
0.025529
0.038799
0.038943
-0.056577
-0.012461
0.033060
0.036542
0.020929
-0.082160
0.023823
0.040395
0.036451
-0.040399
-0.030518
0.033741
0.040069
0.037588
-0.101261
0.025739
0.037060
0.038960
-0.019203
-0.049229
0.027069
0.043200
0.037299
-0.081511
0.009404
0.034320
0.038645
-0.000093
-0.070070
0.030460
0.039741
0.039394
-0.061411
-0.013096
0.036223
0.038493
0.020072
-0.089737
0.031920
0.039473
0.038706
-0.040383
-0.035702
0.036721
0.038797
0.044178
-0.111970
0.031998
0.034509
0.041485
-0.018563
-0.052657
0.032818
0.039172
0.042578
-0.129445
-0.107820
-0.028248
0.019398
0.022437
0.075834
-0.047014
0.127094
-0.023495
0.127012
0.068988
-0.026575
-0.026613
-0.017673
0.015008
-0.006133
-0.039510
-0.061661
-0.061580
-0.055340
0.052512
0.013861
-0.146964
0.151206
-0.018953
0.048364
-0.041210
0.008350
-0.061202
0.094169
0.010733
-0.066673
0.069494
-0.077920
-0.085418
0.137431
0.138532
-0.061115
-0.002576
-0.026690
-0.082188
0.072086
-0.066783
-0.066994
-0.014323
0.007868
0.004525
0.078579
-0.055720
0.075234
0.077459
0.035501
-0.073796
-0.041719
-0.063065
-0.075594
-0.030926
-0.036881
-0.061885
-0.068214
-0.031853
0.081637
-0.077347
0.078168
-0.006497
-0.053252
-0.089185
-0.091103
0.156051
-0.028633
0.062815
0.103115
-0.066618
-0.045879
-0.117420
-0.042781
0.024788
0.072893
-0.020006
-0.034962
-0.048933
-0.116820
-0.019381
-0.055175
0.061405
-0.016625
0.066088
0.001420
-0.038016
-0.030421
0.069533
-0.049712
0.113937
-0.022985
-0.056866
-0.000710
-0.108119
-0.081870
-0.033234
-0.030426
-0.005440
-0.048321
-0.033193
-0.002840
-0.024843
0.035917
0.008290
0.060207
0.030512
0.068787
-0.088687
0.045035
0.015748
-0.085468
0.002769
0.062614
-0.017946
0.015134
-0.008559
0.065677
-0.036758
0.011323
0.036109
-0.084792
-0.011376
-0.041344
0.041759
0.067947
-0.067756
-0.016045
0.064102
0.084370
-0.052579
0.029279
0.069748
-0.029659
0.086333
-0.035769
0.063435
-0.005914
-0.049249
-0.008522
-0.020021
0.087132
-0.072924
-0.025517
-0.027965
-0.048415
0.029919
-0.003929
-0.004715
0.055108
0.079512
0.084709
0.105919
-0.105298
0.039048
-0.059239
-0.005207
-0.040684
0.005253
-0.010319
0.084943
-0.040183
0.150576
-0.138872
0.032323
-0.062936
-0.070898
0.037519
-0.054295
-0.076726
0.123664
0.012434
-0.161437
0.126360
0.094091
-0.246042
0.132295
0.104901
-0.186756
0.067049
0.113501
-0.125892
-0.008803
0.118222
-0.050909
-0.086035
0.123403
0.016669
-0.159467
0.122972
0.097965
-0.245596
0.135100
0.100620
-0.188428
0.066638
0.115344
-0.125607
-0.007470
0.118495
-0.057274
-0.087607
0.133857
0.012129
-0.166532
0.137665
0.093435
-0.253178
0.142658
0.102904
-0.192562
0.062414
0.118323
-0.134631
-0.000361
0.124259
-0.059948
-0.086192
0.129774
0.013687
-0.168907
0.136298
0.098864
-0.259756
0.145981
0.104675
-0.193521
0.063226
0.122394
-0.130292
-0.015420
0.128549
-0.060317
-0.089313
0.134546
0.020201
-0.176130
0.137083
0.103928
-0.260344
0.136487
0.114463
-0.200972
0.063967
0.123162
-0.135993
-0.006548
0.127268
-0.062076
-0.095111
0.145015
0.017882
-0.182394
0.146993
0.102419
-0.270072
0.147626
0.111305
-0.206072
0.067430
0.125477
-0.136717
-0.010333
0.132182
-0.058900
-0.091693
0.135359
0.021684
-0.188267
0.147317
0.106192
-0.273371
0.146326
0.120076
-0.213428
0.075441
0.124071
-0.136376
-0.015499
0.135000
-0.058342
-0.100111
0.140401
0.021919
-0.184788
0.142539
0.112317
-0.280384
0.146163
0.120592
-0.213346
0.076615
0.123389
-0.146657
0.000868
0.134711
-0.066757
-0.096298
0.144539
0.020045
-0.188825
0.151208
0.106405
-0.284494
0.156781
0.117540
-0.218944
0.069492
0.135405
-0.143121
-0.009969
0.138207
-0.064223
-0.100201
0.141910
0.028955
-0.198016
0.153543
0.112660
-0.291860
0.150215
0.126465
-0.217850
0.070783
0.133096
-0.143724
-0.009860
0.139557
-0.064961
-0.101363
0.146088
0.023703
-0.197833
0.151671
0.120703
-0.294672
0.156383
0.124135
-0.222084
0.069810
0.135728
-0.141044
-0.019424
0.146710
-0.064458
-0.105193
0.147931
0.025906
-0.199651
0.149167
0.127629
-0.303668
0.156345
0.130329
-0.226101
0.070170
0.144630
-0.151817
-0.012242
0.143362
-0.060475
-0.114705
0.154362
0.028986
-0.206933
0.158467
0.122703
-0.310916
0.164465
0.128376
-0.236144
0.083744
0.139024
-0.153295
-0.010227
0.150671
-0.072338
-0.110956
0.159264
0.023605
-0.206651
0.157502
0.128600
-0.318081
0.170477
0.131814
-0.239079
0.076463
0.145867
-0.154444
-0.012124
0.151634
-0.069601
-0.113666
0.161653
0.024979
-0.211259
0.164063
0.121040
-0.318412
0.167746
0.139354
-0.244442
0.083532
0.138650
-0.156407
-0.013699
0.156665
-0.065095
-0.119529
0.162276
0.029447
-0.217595
0.164322
0.132744
-0.325993
0.167301
0.145409
-0.248512
0.076864
0.151339
-0.161795
-0.014011
0.154452
-0.062964
-0.121642
0.162966
0.026340
-0.220068
0.168565
0.135385
-0.328655
0.167994
0.143840
-0.251597
0.083801
0.145504
-0.160787
-0.013833
0.154616
-0.064071
-0.119744
0.166343
0.035418
-0.232393
0.171954
0.134343
-0.334160
0.175482
0.137249
-0.247255
0.079783
0.153873
-0.162595
-0.020050
0.165003
-0.069144
-0.124811
0.169219
0.030850
-0.224944
0.167093
0.135168
-0.339991
0.178636
0.149812
-0.255595
0.080329
0.151777
-0.162701
-0.021135
0.167997
-0.068738
-0.126909
0.171793
0.033363
-0.236695
0.173539
0.146014
-0.349461
0.178520
0.148401
-0.258431
0.081817
0.154138
-0.163623
-0.020969
0.167802
-0.070838
-0.123450
0.169813
0.033062
-0.235665
0.177582
0.141464
-0.350003
0.178355
0.155477
-0.265728
0.086087
0.157893
-0.167833
-0.022640
0.167467
-0.071578
-0.128737
0.179001
0.034367
-0.241673
0.179918
0.144583
-0.354226
0.180707
0.157246
-0.269258
0.083998
0.163509
-0.175283
-0.020799
0.174608
-0.072389
-0.131859
0.174898
0.040241
-0.244906
0.180723
0.150236
-0.363765
0.183444
0.159241
-0.270177
0.084727
0.165996
-0.179780
-0.023320
0.177242
-0.069435
-0.132419
0.180391
0.031451
-0.243912
0.185690
0.147257
-0.367861
0.191782
0.155978
-0.276085
0.085699
0.169802
-0.178915
-0.016860
0.070670
0.025826
-0.095603
-0.004926
-0.081776
-0.231632
-0.039181
-0.044497
-0.163250
-0.082288
-0.046735
-0.068633
0.052183
-0.059198
-0.038912
0.020127
-0.190342
-0.148360
-0.108826
0.181786
0.106197
-0.178694
0.109852
0.000770
-0.005474
-0.020960
-0.147022
0.037394
0.086029
-0.053763
-0.074332
-0.020953
0.113481
-0.112335
0.042051
0.035531
0.028544
0.055986
-0.108438
0.045229
0.011885
0.077995
-0.140925
0.092605
0.011161
0.154159
0.172977
0.014790
0.004256
0.187432
-0.184882
0.048858
0.014719
0.068116
0.006850
0.094210
0.138938
-0.086030
-0.013120
-0.041559
0.193120
-0.055232
0.007321
0.145967
-0.083816
0.003725
0.091078
-0.011961
0.028160
0.053023
-0.011120
-0.013732
0.137931
-0.057544
0.118294
0.031401
0.072268
-0.090728
-0.066661
-0.045906
0.128472
-0.027925
-0.124856
-0.033679
-0.128989
0.023837
0.050774
0.159941
0.152957
0.160195
0.023578
-0.097875
-0.066503
0.011558
-0.052197
-0.024253
-0.196249
0.110033
-0.099608
-0.163041
-0.060454
-0.108595
0.098389
-0.027907
-0.083477
-0.048416
-0.049091
0.156856
0.016646
0.146530
-0.075781
0.180753
-0.006541
0.029812
-0.023300
-0.054109
0.152295
0.242207
-0.222874
0.005901
-0.182623
-0.103322
0.024649
0.106183
0.162502
0.100283
0.038529
0.011422
-0.075365
-0.072615
-0.020603
-0.042228
-0.070255
-0.059911
0.079869
0.008274
-0.122079
-0.093057
0.071299
-0.092045
-0.056919
0.101215
-0.102233
-0.115849
-0.014005
-0.233529
0.045489
0.038731
-0.203765
0.038248
0.023138
-0.156720
0.020534
0.024774
-0.004873
-0.008905
-0.077436
-0.013795
0.122049
0.148203
-0.058806
-0.076353
0.156385
-0.089036
0.087377
0.002985
0.149275
-0.072398
-0.120787
-0.008565
-0.068247
-0.005081
0.134775
-0.032907
-0.101657
0.019596
-0.063892
-0.138304
0.119811
0.025165
-0.051491
0.090455
-0.027325
0.041001
0.058457
0.013405
0.076511
-0.229294
-0.014281
-0.032106
-0.166024
-0.123153
-0.112635
-0.054513
-0.036184
-0.051998
-0.012650
0.019411
-0.083741
0.077406
0.194523
0.046048
-0.007660
-0.173199
0.131451
-0.303391
0.146617
-0.024316
0.142528
-0.101855
0.142762
-0.112746
0.116608
0.018920
0.095516
-0.048412
-0.047629
-0.090804
0.037172
0.268102
-0.059345
0.076170
-0.040919
-0.133602
-0.058276
0.069103
0.016370
0.032881
0.007412
0.035902
0.109242
0.061525
0.144352
0.012122
-0.036918
-0.077010
-0.227465
0.002216
0.126862
-0.127715
-0.026445
-0.107948
0.022239
0.070983
-0.004599
-0.047099
-0.019725
-0.081700
0.067369
-0.107020
-0.244710
0.052580
0.037672
-0.023220
0.007628
0.078248
-0.063269
0.111981
-0.064099
-0.210291
0.073441
-0.096746
-0.086496
0.098005
-0.037620
0.002910
-0.051131
-0.097440
-0.198842
-0.153353
0.210515
0.024358
-0.077448
-0.064727
-0.027208
-0.115724
-0.059208
-0.062983
0.100781
-0.082767
0.105852
0.057515
-0.211486
0.060654
-0.040096
0.076030
0.028153
0.039949
0.194443
-0.120958
0.089277
-0.019832
0.008415
-0.146975
-0.136902
0.052407
0.039404
0.106222
0.008897
-0.168507
0.075959
0.004733
-0.042550
0.119984
-0.046136
0.090061
-0.177665
0.011200
-0.000252
-0.115091
-0.021071
-0.155708
-0.042988
0.178517
0.110791
0.010218
-0.029372
0.128518
0.170936
0.000154
-0.036239
-0.170766
-0.074591
0.027257
0.202578
0.092928
-0.095372
-0.065224
0.154461
0.056843
-0.190944
-0.085035
0.055089
0.079967
0.029298
0.131029
-0.020236
-0.103621
-0.006369
0.223282
0.052860
-0.159066
-0.071234
0.119296
-0.178120
0.116560
0.094300
-0.067260
-0.088591
-0.199153
0.132655
-0.107687
-0.045828
0.026532
-0.031427
0.015102
-0.032254
0.102429
0.124687
-0.167219
0.020406
0.058733
-0.094187
-0.022921
-0.212524
-0.048851
-0.069883
-0.017831
-0.042094
-0.092985
0.133625
-0.136328
0.098471
0.025051
0.107130
0.123797
-0.191470
0.070876
-0.148174
-0.056138
-0.135915
-0.072075
-0.000618
-0.049882
-0.070454
-0.035211
0.102715
-0.087329
0.072202
0.000888
-0.015585
0.153513
-0.112019
0.060833
0.006613
0.061195
-0.002677
0.126998
-0.079307
-0.034488
-0.115500
-0.023372
0.137396
-0.002580
-0.124085
-0.112701
0.035265
0.200454
-0.092916
-0.058449
-0.053569
-0.017749
-0.148154
-0.019296
-0.010918
-0.043505
-0.084576
0.035354
-0.090823
-0.235915
-0.012851
-0.156654
0.054147
-0.054295
-0.076726
0.123664
0.012434
-0.161437
0.126360
0.094091
-0.246042
0.132295
0.104901
-0.186756
0.067049
0.113501
-0.125892
-0.008803
0.118222
-0.050909
-0.086035
0.123403
0.016669
-0.159467
0.122972
0.097965
-0.245596
0.135100
0.100620
-0.188428
0.066638
0.115344
-0.125607
-0.007470
0.118495
-0.057274
-0.087607
0.133857
0.012129
-0.166532
0.137665
0.093435
-0.253178
0.142658
0.102904
-0.192562
0.062414
0.118323
-0.134631
-0.000361
0.124259
-0.059948
-0.086192
0.129774
0.013687
-0.168907
0.136298
0.098864
-0.259756
0.145981
0.104675
-0.193521
0.063226
0.122394
-0.130292
-0.015420
0.128549
-0.060317
-0.089313
0.134546
0.020201
-0.176130
0.137083
0.103928
-0.260344
0.136487
0.114463
-0.200972
0.063967
0.123162
-0.135993
-0.006548
0.127268
-0.062076
-0.095111
0.145015
0.017882
-0.182394
0.146993
0.102419
-0.270072
0.147626
0.111305
-0.206072
0.067430
0.125477
-0.136717
-0.010333
0.132182
-0.058900
-0.091693
0.135359
0.021684
-0.188267
0.147317
0.106192
-0.273371
0.146326
0.120076
-0.213428
0.075441
0.124071
-0.136376
-0.015499
0.135000
-0.058342
-0.100111
0.140401
0.021919
-0.184788
0.142539
0.112317
-0.280384
0.146163
0.120592
-0.213346
0.076615
0.123389
-0.146657
0.000868
0.134711
-0.066757
-0.096298
0.144539
0.020045
-0.188825
0.151208
0.106405
-0.284494
0.156781
0.117540
-0.218944
0.069492
0.135405
-0.143121
-0.009969
0.138207
-0.064223
-0.100201
0.141910
0.028955
-0.198016
0.153543
0.112660
-0.291860
0.150215
0.126465
-0.217850
0.070783
0.133096
-0.143724
-0.009860
0.139557
-0.064961
-0.101363
0.146088
0.023703
-0.197833
0.151671
0.120703
-0.294672
0.156383
0.124135
-0.222084
0.069810
0.135728
-0.141044
-0.019424
0.146710
-0.064458
-0.105193
0.147931
0.025906
-0.199651
0.149167
0.127629
-0.303668
0.156345
0.130329
-0.226101
0.070170
0.144630
-0.151817
-0.012242
0.143362
-0.060475
-0.114705
0.154362
0.028986
-0.206933
0.158467
0.122703
-0.310916
0.164465
0.128376
-0.236144
0.083744
0.139024
-0.153295
-0.010227
0.150671
-0.072338
-0.110956
0.159264
0.023605
-0.206651
0.157502
0.128600
-0.318081
0.170477
0.131814
-0.239079
0.076463
0.145867
-0.154444
-0.012124
0.151634
-0.069601
-0.113666
0.161653
0.024979
-0.211259
0.164063
0.121040
-0.318412
0.167746
0.139354
-0.244442
0.083532
0.138650
-0.156407
-0.013699
0.156665
-0.065095
-0.119529
0.162276
0.029447
-0.217595
0.164322
0.132744
-0.325993
0.167301
0.145409
-0.248512
0.076864
0.151339
-0.161795
-0.014011
0.154452
-0.062964
-0.121642
0.162966
0.026340
-0.220068
0.168565
0.135385
-0.328655
0.167994
0.143840
-0.251597
0.083801
0.145504
-0.160787
-0.013833
0.154616
-0.064071
-0.119744
0.166343
0.035418
-0.232393
0.171954
0.134343
-0.334160
0.175482
0.137249
-0.247255
0.079783
0.153873
-0.162595
-0.020050
0.165003
-0.069144
-0.124811
0.169219
0.030850
-0.224944
0.167093
0.135168
-0.339991
0.178636
0.149812
-0.255595
0.080329
0.151777
-0.162701
-0.021135
0.167997
-0.068738
-0.126909
0.171793
0.033363
-0.236695
0.173539
0.146014
-0.349461
0.178520
0.148401
-0.258431
0.081817
0.154138
-0.163623
-0.020969
0.167802
-0.070838
-0.123450
0.169813
0.033062
-0.235665
0.177582
0.141464
-0.350003
0.178355
0.155477
-0.265728
0.086087
0.157893
-0.167833
-0.022640
0.167467
-0.071578
-0.128737
0.179001
0.034367
-0.241673
0.179918
0.144583
-0.354226
0.180707
0.157246
-0.269258
0.083998
0.163509
-0.175283
-0.020799
0.174608
-0.072389
-0.131859
0.174898
0.040241
-0.244906
0.180723
0.150236
-0.363765
0.183444
0.159241
-0.270177
0.084727
0.165996
-0.179780
-0.023320
0.177242
-0.069435
-0.132419
0.180391
0.031451
-0.243912
0.185690
0.147257
-0.367861
0.191782
0.155978
-0.276085
0.085699
0.169802
-0.178915
-0.016860
0.070670
0.025826
-0.095603
-0.004926
-0.081776
-0.231632
-0.039181
-0.044497
-0.163250
-0.082288
-0.046735
-0.068633
0.052183
-0.059198
-0.038912
0.020127
-0.190342
-0.148360
-0.108826
0.181786
0.106197
-0.178694
0.109852
0.000770
-0.005474
-0.020960
-0.147022
0.037394
0.086029
-0.053763
-0.074332
-0.020953
0.113481
-0.112335
0.042051
0.035531
0.028544
0.055986
-0.108438
0.045229
0.011885
0.077995
-0.140925
0.092605
0.011161
0.154159
0.172977
0.014790
0.004256
0.187432
-0.184882
0.048858
0.014719
0.068116
0.006850
0.094210
0.138938
-0.086030
-0.013120
-0.041559
0.193120
-0.055232
0.007321
0.145967
-0.083816
0.003725
0.091078
-0.011961
0.028160
0.053023
-0.011120
-0.013732
0.137931
-0.057544
0.118294
0.031401
0.072268
-0.090728
-0.066661
-0.045906
0.128472
-0.027925
-0.124856
-0.033679
-0.128989
0.023837
0.050774
0.159941
0.152957
0.160195
0.023578
-0.097875
-0.066503
0.011558
-0.052197
-0.024253
-0.196249
0.110033
-0.099608
-0.163041
-0.060454
-0.108595
0.098389
-0.027907
-0.083477
-0.048416
-0.049091
0.156856
0.016646
0.146530
-0.075781
0.180753
-0.006541
0.029812
-0.023300
-0.054109
0.152295
0.242207
-0.222874
0.005901
-0.182623
-0.103322
0.024649
0.106183
0.162502
0.100283
0.038529
0.011422
-0.075365
-0.072615
-0.020603
-0.042228
-0.070255
-0.059911
0.079869
0.008274
-0.122079
-0.093057
0.071299
-0.092045
-0.056919
0.101215
-0.102233
-0.115849
-0.014005
-0.233529
0.045489
0.038731
-0.203765
0.038248
0.023138
-0.156720
0.020534
0.024774
-0.004873
-0.008905
-0.077436
-0.013795
0.122049
0.148203
-0.058806
-0.076353
0.156385
-0.089036
0.087377
0.002985
0.149275
-0.072398
-0.120787
-0.008565
-0.068247
-0.005081
0.134775
-0.032907
-0.101657
0.019596
-0.063892
-0.138304
0.119811
0.025165
-0.051491
0.090455
-0.027325
0.041001
0.058457
0.013405
0.076511
-0.229294
-0.014281
-0.032106
-0.166024
-0.123153
-0.112635
-0.054513
-0.036184
-0.051998
-0.012650
0.019411
-0.083741
0.077406
0.194523
0.046048
-0.007660
-0.173199
0.131451
-0.303391
0.146617
-0.024316
0.142528
-0.101855
0.142762
-0.112746
0.116608
0.018920
0.095516
-0.048412
-0.047629
-0.090804
0.037172
0.268102
-0.059345
0.076170
-0.040919
-0.133602
-0.058276
0.069103
0.016370
0.032881
0.007412
0.035902
0.109242
0.061525
0.144352
0.012122
-0.036918
-0.077010
-0.227465
0.002216
0.126862
-0.127715
-0.026445
-0.107948
0.022239
0.070983
-0.004599
-0.047099
-0.019725
-0.081700
0.067369
-0.107020
-0.244710
0.052580
0.037672
-0.023220
0.007628
0.078248
-0.063269
0.111981
-0.064099
-0.210291
0.073441
-0.096746
-0.086496
0.098005
-0.037620
0.002910
-0.051131
-0.097440
-0.198842
-0.153353
0.210515
0.024358
-0.077448
-0.064727
-0.027208
-0.115724
-0.059208
-0.062983
0.100781
-0.082767
0.105852
0.057515
-0.211486
0.060654
-0.040096
0.076030
0.028153
0.039949
0.194443
-0.120958
0.089277
-0.019832
0.008415
-0.146975
-0.136902
0.052407
0.039404
0.106222
0.008897
-0.168507
0.075959
0.004733
-0.042550
0.119984
-0.046136
0.090061
-0.177665
0.011200
-0.000252
-0.115091
-0.021071
-0.155708
-0.042988
0.178517
0.110791
0.010218
-0.029372
0.128518
0.170936
0.000154
-0.036239
-0.170766
-0.074591
0.027257
0.202578
0.092928
-0.095372
-0.065224
0.154461
0.056843
-0.190944
-0.085035
0.055089
0.079967
0.029298
0.131029
-0.020236
-0.103621
-0.006369
0.223282
0.052860
-0.159066
-0.071234
0.119296
-0.178120
0.116560
0.094300
-0.067260
-0.088591
-0.199153
0.132655
-0.107687
-0.045828
0.026532
-0.031427
0.015102
-0.032254
0.102429
0.124687
-0.167219
0.020406
0.058733
-0.094187
-0.022921
-0.212524
-0.048851
-0.069883
-0.017831
-0.042094
-0.092985
0.133625
-0.136328
0.098471
0.025051
0.107130
0.123797
-0.191470
0.070876
-0.148174
-0.056138
-0.135915
-0.072075
-0.000618
-0.049882
-0.070454
-0.035211
0.102715
-0.087329
0.072202
0.000888
-0.015585
0.153513
-0.112019
0.060833
0.006613
0.061195
-0.002677
0.126998
-0.079307
-0.034488
-0.115500
-0.023372
0.137396
-0.002580
-0.124085
-0.112701
0.035265
0.200454
-0.092916
-0.058449
-0.053569
-0.017749
-0.148154
-0.019296
-0.010918
-0.043505
-0.084576
0.035354
-0.090823
-0.235915
-0.012851
-0.156654
-0.000000
0.021615
0.020433
0.021448
0.006835
0.021633
0.021288
0.021812
0.021101
0.021747
0.022287
0.021013
0.004843
0.023796
0.020711
0.021327
0.022554
0.022003
0.021896
0.022450
0.003124
0.022360
0.023498
0.020161
0.023990
0.022493
0.020225
0.022244
0.002974
0.022394
0.023075
0.021219
0.023094
0.022016
0.023139
0.021216
0.001366
0.024513
-0.020023
0.057034
0.025703
-0.005079
-0.046955
-0.046267
0.013582
0.008607
-0.019326
0.053793
-0.019716
-0.020868
0.034686
-0.037523
-0.007251
-0.001836
-0.040051
0.002869
-0.052999
-0.026157
0.002678
0.008158
0.039540
-0.041072
0.078919
0.012933
-0.036149
-0.020239
-0.017544
-0.029262
-0.029081
0.029954
0.009374
0.021587
-0.023085
0.030573
0.036078
-0.018250
-0.026502
-0.020239
-0.020868
-0.054408
0.000000
0.021295
0.019793
0.021095
0.010111
0.021107
0.020792
0.021311
0.020738
0.021254
0.021820
0.020596
0.008042
0.023354
0.020233
0.020785
0.022227
0.021439
0.021526
0.021959
0.006367
0.021813
0.023111
0.019758
0.023503
0.021963
0.019864
0.021723
0.006308
0.021898
0.022468
0.020877
0.022527
0.021648
0.022801
0.020623
0.004630
0.024113
-0.026271
0.058969
0.025693
-0.009516
-0.042341
-0.050759
0.006765
-0.013301
-0.002918
0.068208
-0.039513
-0.015844
0.046544
-0.020157
-0.031295
0.006740
-0.045462
0.004786
-0.046998
-0.032601
0.023942
-0.004050
0.049037
-0.041334
0.076377
0.018086
-0.044500
-0.008791
-0.026256
-0.024503
-0.020765
0.041688
-0.016215
-0.000357
-0.027282
0.011682
0.023989
-0.010803
-0.020414
-0.060608
-0.052719
-0.041687
0.002602
0.021295
0.019793
0.021095
0.010111
0.021107
0.020792
0.021311
0.020738
0.021254
0.021820
0.020596
0.008042
0.023354
0.020233
0.020785
0.022227
0.021439
0.021526
0.021959
0.006367
0.021813
0.023111
0.019758
0.023503
0.021963
0.019864
0.021723
0.006308
0.021898
0.022468
0.020877
0.022527
0.021648
0.022801
0.020623
0.004630
0.024113
-0.026271
0.058969
0.025693
-0.009516
-0.042341
-0.050759
0.006765
-0.013301
-0.002918
0.068208
-0.039513
-0.015844
0.046544
-0.020157
-0.031295
0.006740
-0.045462
0.004786
-0.046998
-0.032601
0.023942
-0.004050
0.049037
-0.041334
0.076377
0.018086
-0.044500
-0.008791
-0.026256
-0.024503
-0.020765
0.041688
-0.016215
-0.000357
-0.027282
0.011682
0.023989
-0.010803
-0.020414
-0.060608
-0.052719
-0.041687
0.000305
0.021615
0.020433
0.021448
0.006835
0.021633
0.021288
0.021812
0.021101
0.021747
0.022287
0.021013
0.004843
0.023796
0.020711
0.021327
0.022554
0.022003
0.021896
0.022450
0.003124
0.022360
0.023498
0.020161
0.023990
0.022493
0.020225
0.022244
0.002974
0.022394
0.023075
0.021219
0.023094
0.022016
0.023139
0.021216
0.001366
0.024513
-0.020023
0.057034
0.025703
-0.005079
-0.046955
-0.046267
0.013582
0.008607
-0.019326
0.053793
-0.019716
-0.020868
0.034686
-0.037523
-0.007251
-0.001836
-0.040051
0.002869
-0.052999
-0.026157
0.002678
0.008158
0.039540
-0.041072
0.078919
0.012933
-0.036149
-0.020239
-0.017544
-0.029262
-0.029081
0.029954
0.009374
0.021587
-0.023085
0.030573
0.036078
-0.018250
-0.026502
-0.020239
-0.020868
-0.054408
0.000305
0.021615
0.020433
0.021448
0.006835
0.021633
0.021288
0.021812
0.021101
0.021747
0.022287
0.021013
0.004843
0.023796
0.020711
0.021327
0.022554
0.022003
0.021896
0.022450
0.003124
0.022360
0.023498
0.020161
0.023990
0.022493
0.020225
0.022244
0.002974
0.022394
0.023075
0.021219
0.023094
0.022016
0.023139
0.021216
0.001366
0.024513
-0.020023
0.057034
0.025703
-0.005079
-0.046955
-0.046267
0.013582
0.008607
-0.019326
0.053793
-0.019716
-0.020868
0.034686
-0.037523
-0.007251
-0.001836
-0.040051
0.002869
-0.052999
-0.026157
0.002678
0.008158
0.039540
-0.041072
0.078919
0.012933
-0.036149
-0.020239
-0.017544
-0.029262
-0.029081
0.029954
0.009374
0.021587
-0.023085
0.030573
0.036078
-0.018250
-0.026502
-0.020239
-0.020868
-0.054408
0.000131
0.021682
0.020522
0.021488
0.006110
0.021820
0.021422
0.021929
0.021174
0.021838
0.022358
0.021067
0.004123
0.023970
0.020851
0.021441
0.022635
0.022099
0.021954
0.022508
0.002406
0.022531
0.023639
0.020244
0.024108
0.022569
0.020289
0.022311
0.002229
0.022573
0.023239
0.021318
0.023192
0.022086
0.023195
0.021299
0.000638
0.024675
-0.018714
0.056817
0.018106
-0.006800
-0.053050
-0.047476
0.004617
0.000514
-0.002816
0.054853
-0.020200
-0.003635
0.025722
-0.037777
0.007775
-0.001779
-0.038133
-0.004566
-0.032852
-0.031671
0.010192
-0.000143
0.048083
-0.049979
0.087012
0.014249
-0.060401
-0.020223
-0.009780
-0.013688
-0.029605
0.029440
0.010489
0.013202
-0.007286
0.039641
0.034630
-0.025280
-0.015979
-0.031383
-0.029729
-0.061312
0.000131
0.021813
0.042335
0.063823
0.069933
0.091753
0.113175
0.135105
0.156279
0.178117
0.200474
0.221542
0.225664
0.249634
0.270484
0.291926
0.314560
0.336659
0.358613
0.381122
0.383528
0.406059
0.429697
0.449941
0.474049
0.496618
0.516907
0.539219
0.525739
0.509042
0.453741
0.388665
0.301901
0.253301
0.142978
0.109299
0.102083
0.063926
0.084482
-0.078613
-0.021236
0.034795
-0.018255
0.059933
-0.006135
0.002232
0.038687
-0.032124
-0.013055
-0.000981
-0.085215
0.049797
0.010448
-0.030601
0.009806
0.013094
-0.019758
0.042819
-0.025529
-0.009964
-0.009004
0.011703
-0.034803
-0.004846
0.005439
-0.022638
-0.063834
0.024579
0.018537
0.000853
-0.027928
0.032398
0.048674
-0.013787
0.020844
-0.012290
0.050271
-0.004674
0.051991
-0.017175
0.000131
0.021682
0.020522
0.021488
0.006110
0.021820
0.021422
0.021929
0.021174
0.021838
0.022358
0.021067
0.004123
0.023970
0.020851
0.021441
0.022635
0.022099
0.021954
0.022508
0.002406
0.022531
0.023639
0.020244
0.024108
0.022569
0.020289
0.022311
0.002229
0.022573
0.023239
0.021318
0.023192
0.022086
0.023195
0.021299
0.000638
0.024675
-0.018714
0.056817
0.018106
-0.006800
-0.053050
-0.047476
0.004617
0.000514
-0.002816
0.054853
-0.020200
-0.003635
0.025722
-0.037777
0.007775
-0.001779
-0.038133
-0.004566
-0.032852
-0.031671
0.010192
-0.000143
0.048083
-0.049979
0.087012
0.014249
-0.060401
-0.020223
-0.009780
-0.013688
-0.029605
0.029440
0.010489
0.013202
-0.007286
0.039641
0.034630
-0.025280
-0.015979
-0.031383
-0.029729
-0.061312
0.000131
0.021682
0.020522
0.021488
0.006110
0.021820
0.021422
0.021929
0.021174
0.021838
0.022358
0.021067
0.004123
0.023970
0.020851
0.021441
0.022635
0.022099
0.021954
0.022508
0.002406
0.022531
0.023639
0.020244
0.024108
0.022569
0.020289
0.022311
0.002229
0.022573
0.023239
0.021318
0.023192
0.022086
0.023195
0.021299
0.000638
0.024675
-0.018714
0.056817
0.018106
-0.006800
-0.053050
-0.047476
0.004617
0.000514
-0.002816
0.054853
-0.020200
-0.003635
0.025722
-0.037777
0.007775
-0.001779
-0.038133
-0.004566
-0.032852
-0.031671
0.010192
-0.000143
0.048083
-0.049979
0.087012
0.014249
-0.060401
-0.020223
-0.009780
-0.013688
-0.029605
0.029440
0.010489
0.013202
-0.007286
0.039641
0.034630
-0.025280
-0.015979
-0.031383
-0.029729
-0.061312
-0.081570
-0.058164
-0.080450
0.130347
0.012496
-0.169943
0.133712
0.098620
-0.259955
0.140446
0.109893
-0.197593
0.071593
0.118998
-0.133466
-0.008299
0.124375
-0.054834
-0.089745
0.130043
0.016786
-0.167975
0.130320
0.102463
-0.259441
0.143235
0.105586
-0.199290
0.071204
0.120840
-0.133219
-0.006763
0.124545
-0.061306
-0.091256
0.140537
0.012191
-0.175169
0.145093
0.097978
-0.267034
0.150814
0.107854
-0.203419
0.066996
0.123763
-0.142197
0.000329
0.130274
-0.063914
-0.089857
0.136420
0.013760
-0.177413
0.143674
0.103364
-0.273620
0.154123
0.109642
-0.204385
0.067800
0.127854
-0.137816
-0.014816
0.134592
-0.064256
-0.093011
0.141213
0.020261
-0.184645
0.144438
0.108450
-0.274209
0.144625
0.119442
-0.211790
0.068506
0.128640
-0.143590
-0.005872
0.133266
-0.065970
-0.099024
0.151819
0.018016
-0.190913
0.154339
0.106929
-0.283944
0.155797
0.116264
-0.216953
0.072046
0.130901
-0.144268
-0.009702
0.138242
-0.062833
-0.095393
0.141980
0.021754
-0.196743
0.154673
0.110697
-0.287223
0.154492
0.125012
-0.224276
0.079999
0.129565
-0.143946
-0.014860
0.141022
-0.062274
-0.103809
0.147074
0.021967
-0.193300
0.149911
0.116823
-0.294215
0.154269
0.125573
-0.224214
0.081220
0.128823
-0.154210
0.001541
0.140714
-0.070670
-0.100027
0.151231
0.020091
-0.197375
0.158598
0.110919
-0.298330
0.164922
0.122490
-0.229800
0.074068
0.140858
-0.150678
-0.009294
0.144231
-0.068164
-0.103932
0.148570
0.029040
-0.206524
0.160929
0.117144
-0.305721
0.158359
0.131417
-0.228698
0.075376
0.138542
-0.151323
-0.009150
0.145530
-0.068839
-0.105076
0.152724
0.023738
-0.206425
0.159158
0.125195
-0.308500
0.164542
0.129083
-0.232961
0.074391
0.141207
-0.148576
-0.018810
0.152758
-0.068426
-0.108916
0.154621
0.025970
-0.208146
0.156507
0.132146
-0.317513
0.164483
0.135285
-0.236977
0.074738
0.150140
-0.159395
-0.011607
0.149402
-0.064401
-0.118367
0.160965
0.029087
-0.215498
0.165836
0.127234
-0.324792
0.172655
0.133311
-0.246993
0.088346
0.144472
-0.160859
-0.009582
0.156710
-0.076314
-0.114642
0.165925
0.023684
-0.215184
0.164869
0.133118
-0.331930
0.178624
0.136768
-0.249943
0.081024
0.151366
-0.161994
-0.011522
0.157674
-0.073497
-0.117401
0.168302
0.025060
-0.219769
0.171414
0.125551
-0.332261
0.175898
0.144313
-0.255341
0.088167
0.144059
-0.164132
-0.012914
0.162758
-0.069066
-0.123208
0.168909
0.029533
-0.226097
0.171692
0.137238
-0.339843
0.175478
0.150367
-0.259416
0.081478
0.156796
-0.169360
-0.013325
0.160403
-0.066936
-0.125303
0.169696
0.026287
-0.228535
0.175993
0.139871
-0.342519
0.176159
0.148796
-0.262461
0.088407
0.150928
-0.168338
-0.013157
0.160585
-0.067962
-0.123422
0.172965
0.035484
-0.240887
0.179301
0.138853
-0.347996
0.183640
0.142104
-0.258080
0.084378
0.159403
-0.170225
-0.019355
0.170934
-0.072999
-0.128490
0.175794
0.030998
-0.233494
0.174458
0.139664
-0.353856
0.186803
0.154792
-0.266462
0.084939
0.157233
-0.170280
-0.020470
0.174039
-0.072699
-0.130631
0.178500
0.033427
-0.245252
0.180887
0.150561
-0.363324
0.186675
0.153349
-0.269280
0.086402
0.159584
-0.171192
-0.020321
0.173888
-0.074897
-0.127044
0.176497
0.033060
-0.244225
0.184970
0.146023
-0.363861
0.186499
0.160445
-0.276596
0.090677
0.163315
-0.175366
-0.022037
0.173516
-0.075485
-0.132461
0.185645
0.034369
-0.250148
0.187307
0.149121
-0.368111
0.188889
0.162216
-0.280132
0.088603
0.168958
-0.182845
-0.020150
0.180641
-0.076329
-0.135564
0.181560
0.040312
-0.253419
0.188088
0.154728
-0.377619
0.191626
0.164171
-0.281063
0.089348
0.171470
-0.187379
-0.022663
0.183273
-0.073352
-0.136209
0.187121
0.031505
-0.252418
0.193063
0.151738
-0.381723
0.199993
0.160954
-0.287050
0.090342
0.175274
-0.186472
-0.016253
0.077518
0.020970
-0.097692
0.002653
-0.081184
-0.239030
-0.113233
-0.040783
-0.096704
-0.075329
-0.042452
-0.078436
0.057708
-0.057599
-0.123438
0.021307
-0.102416
-0.156749
-0.108868
0.183649
0.108926
-0.190267
0.119884
0.007113
-0.021412
-0.011033
-0.143658
0.027475
0.008664
-0.048111
-0.080497
-0.019635
0.040511
-0.195059
0.111254
-0.030830
-0.128745
-0.107048
0.055009
-0.029487
-0.160613
0.092725
-0.062275
-0.069985
0.086448
0.082262
-0.062658
-0.150025
0.015515
0.024111
-0.037436
-0.098550
0.098444
-0.105831
0.017632
-0.138441
0.117938
-0.069285
-0.005146
-0.052989
0.275887
-0.054942
-0.067974
0.139233
-0.075294
-0.000404
0.087659
-0.007063
0.018908
0.054015
-0.078095
-0.014817
0.124612
-0.046460
0.196793
0.022233
0.000831
-0.089138
0.003309
0.040970
0.129530
-0.029733
-0.050502
-0.027991
0.025359
-0.137547
0.138957
-0.074628
0.134947
0.173522
0.027534
-0.029589
-0.061893
-0.061256
-0.051515
-0.036937
-0.184828
0.107145
-0.107548
-0.151915
-0.064258
-0.116693
0.028781
-0.104819
-0.014756
-0.199164
0.191708
0.144000
0.030232
0.146783
-0.085650
0.182223
0.003242
0.022280
-0.024712
-0.049581
0.152862
0.230988
-0.212443
0.012912
-0.195346
-0.107330
0.035708
0.096941
0.090740
0.099913
0.034124
0.089741
-0.067766
-0.078812
-0.023853
-0.035579
-0.068632
-0.069248
0.086611
0.016363
-0.138796
-0.086647
0.079900
-0.106205
-0.049240
0.028545
-0.119118
-0.025540
-0.011712
-0.236086
0.116286
-0.029409
-0.204647
0.028432
0.031973
-0.150957
0.005294
0.032421
-0.000059
-0.019778
-0.072459
-0.007346
0.112304
0.149744
-0.057175
-0.075760
0.151062
-0.075012
0.093958
-0.011248
0.150619
-0.068103
-0.133955
-0.055579
-0.167384
-0.021375
0.146690
-0.026792
-0.109671
0.019574
-0.060205
-0.143225
0.115861
-0.043580
0.184045
0.078987
-0.018201
0.051640
0.035360
0.026676
0.084432
-0.166615
-0.005329
-0.103368
-0.099138
-0.127936
-0.178863
-0.056596
-0.043229
-0.045444
-0.010945
0.004423
-0.074583
0.084122
0.180525
0.057473
-0.002686
-0.177139
0.128333
-0.299461
0.140399
0.051375
0.071004
-0.104033
0.140010
-0.107411
0.117094
0.010323
0.103157
-0.044840
0.096013
-0.157205
-0.041211
0.259742
-0.055034
0.082054
-0.049697
-0.134297
-0.127858
0.066064
0.010342
-0.039804
0.005955
0.105491
-0.116200
-0.167872
-0.106386
0.097283
-0.110676
0.069502
0.014432
0.006228
-0.037525
0.107817
0.138310
-0.035494
-0.062809
0.081604
-0.083779
-0.129921
0.067602
-0.083203
0.210375
-0.013346
-0.246072
0.043947
0.039658
-0.016009
0.001252
0.077203
-0.057324
0.107843
-0.067267
-0.202919
0.071973
-0.105316
-0.078681
0.102770
0.029781
0.006800
-0.046153
0.049333
0.045161
-0.071852
-0.268334
-0.054482
-0.070501
-0.069281
-0.030952
-0.108895
-0.058893
-0.071750
0.107626
-0.077083
0.091848
-0.014274
-0.125947
0.048024
-0.114425
0.083362
0.095634
0.051167
0.191267
-0.124397
0.084203
-0.014237
0.012583
-0.077977
-0.129807
0.057433
0.105821
0.034049
0.012553
-0.019057
0.155563
0.089852
0.029683
-0.116641
0.196550
-0.071793
0.045767
0.184727
-0.001613
0.113972
-0.013139
0.082128
-0.056155
-0.128307
-0.041227
0.000930
0.055087
-0.182178
0.006903
0.157189
0.126720
0.061099
0.154753
0.192851
-0.112182
-0.069286
-0.091779
0.019128
-0.174059
0.144579
0.049659
-0.019390
0.139591
0.007168
0.100928
0.051663
-0.014366
0.128646
0.071148
0.068508
-0.022513
-0.013368
0.015746
0.045778
0.044908
0.200401
-0.135270
-0.073376
0.067191
-0.034581
0.124548
-0.106090
-0.037186
0.019024
-0.033745
-0.055611
0.042761
0.172062
0.055089
-0.162727
0.001581
-0.007166
-0.008518
-0.036803
-0.204922
-0.043735
-0.075232
-0.019796
-0.038462
-0.096484
0.130544
-0.128766
0.177518
0.015447
0.035568
0.129359
-0.204644
-0.003013
-0.141042
0.011336
-0.124989
-0.072873
-0.007988
-0.047441
-0.033043
-0.074436
0.102805
-0.160909
-0.005793
-0.243244
0.151125
0.072927
-0.046176
0.150776
0.013244
-0.186430
-0.314129
-0.182143
-0.009885
-0.109647
-0.032784
0.048524
0.053585
0.008401
0.193354
0.043664
0.110840
-0.265029
0.051706
0.262052
-0.124369
-0.111849
-0.065332
-0.088682
-0.018167
0.033481
-0.077220
-0.047958
-0.095775
0.088310
0.065447
-0.085573
0.040163
-0.058164
-0.080450
0.130347
0.012496
-0.169943
0.133712
0.098620
-0.259955
0.140446
0.109893
-0.197593
0.071593
0.118998
-0.133466
-0.008299
0.124375
-0.054834
-0.089745
0.130043
0.016786
-0.167975
0.130320
0.102463
-0.259441
0.143235
0.105586
-0.199290
0.071204
0.120840
-0.133219
-0.006763
0.124545
-0.061306
-0.091256
0.140537
0.012191
-0.175169
0.145093
0.097978
-0.267034
0.150814
0.107854
-0.203419
0.066996
0.123763
-0.142197
0.000329
0.130274
-0.063914
-0.089857
0.136420
0.013760
-0.177413
0.143674
0.103364
-0.273620
0.154123
0.109642
-0.204385
0.067800
0.127854
-0.137816
-0.014816
0.134592
-0.064256
-0.093011
0.141213
0.020261
-0.184645
0.144438
0.108450
-0.274209
0.144625
0.119442
-0.211790
0.068506
0.128640
-0.143590
-0.005872
0.133266
-0.065970
-0.099024
0.151819
0.018016
-0.190913
0.154339
0.106929
-0.283944
0.155797
0.116264
-0.216953
0.072046
0.130901
-0.144268
-0.009702
0.138242
-0.062833
-0.095393
0.141980
0.021754
-0.196743
0.154673
0.110697
-0.287223
0.154492
0.125012
-0.224276
0.079999
0.129565
-0.143946
-0.014860
0.141022
-0.062274
-0.103809
0.147074
0.021967
-0.193300
0.149911
0.116823
-0.294215
0.154269
0.125573
-0.224214
0.081220
0.128823
-0.154210
0.001541
0.140714
-0.070670
-0.100027
0.151231
0.020091
-0.197375
0.158598
0.110919
-0.298330
0.164922
0.122490
-0.229800
0.074068
0.140858
-0.150678
-0.009294
0.144231
-0.068164
-0.103932
0.148570
0.029040
-0.206524
0.160929
0.117144
-0.305721
0.158359
0.131417
-0.228698
0.075376
0.138542
-0.151323
-0.009150
0.145530
-0.068839
-0.105076
0.152724
0.023738
-0.206425
0.159158
0.125195
-0.308500
0.164542
0.129083
-0.232961
0.074391
0.141207
-0.148576
-0.018810
0.152758
-0.068426
-0.108916
0.154621
0.025970
-0.208146
0.156507
0.132146
-0.317513
0.164483
0.135285
-0.236977
0.074738
0.150140
-0.159395
-0.011607
0.149402
-0.064401
-0.118367
0.160965
0.029087
-0.215498
0.165836
0.127234
-0.324792
0.172655
0.133311
-0.246993
0.088346
0.144472
-0.160859
-0.009582
0.156710
-0.076314
-0.114642
0.165925
0.023684
-0.215184
0.164869
0.133118
-0.331930
0.178624
0.136768
-0.249943
0.081024
0.151366
-0.161994
-0.011522
0.157674
-0.073497
-0.117401
0.168302
0.025060
-0.219769
0.171414
0.125551
-0.332261
0.175898
0.144313
-0.255341
0.088167
0.144059
-0.164132
-0.012914
0.162758
-0.069066
-0.123208
0.168909
0.029533
-0.226097
0.171692
0.137238
-0.339843
0.175478
0.150367
-0.259416
0.081478
0.156796
-0.169360
-0.013325
0.160403
-0.066936
-0.125303
0.169696
0.026287
-0.228535
0.175993
0.139871
-0.342519
0.176159
0.148796
-0.262461
0.088407
0.150928
-0.168338
-0.013157
0.160585
-0.067962
-0.123422
0.172965
0.035484
-0.240887
0.179301
0.138853
-0.347996
0.183640
0.142104
-0.258080
0.084378
0.159403
-0.170225
-0.019355
0.170934
-0.072999
-0.128490
0.175794
0.030998
-0.233494
0.174458
0.139664
-0.353856
0.186803
0.154792
-0.266462
0.084939
0.157233
-0.170280
-0.020470
0.174039
-0.072699
-0.130631
0.178500
0.033427
-0.245252
0.180887
0.150561
-0.363324
0.186675
0.153349
-0.269280
0.086402
0.159584
-0.171192
-0.020321
0.173888
-0.074897
-0.127044
0.176497
0.033060
-0.244225
0.184970
0.146023
-0.363861
0.186499
0.160445
-0.276596
0.090677
0.163315
-0.175366
-0.022037
0.173516
-0.075485
-0.132461
0.185645
0.034369
-0.250148
0.187307
0.149121
-0.368111
0.188889
0.162216
-0.280132
0.088603
0.168958
-0.182845
-0.020150
0.180641
-0.076329
-0.135564
0.181560
0.040312
-0.253419
0.188088
0.154728
-0.377619
0.191626
0.164171
-0.281063
0.089348
0.171470
-0.187379
-0.022663
0.183273
-0.073352
-0.136209
0.187121
0.031505
-0.252418
0.193063
0.151738
-0.381723
0.199993
0.160954
-0.287050
0.090342
0.175274
-0.186472
-0.016253
0.077518
0.020970
-0.097692
0.002653
-0.081184
-0.239030
-0.113233
-0.040783
-0.096704
-0.075329
-0.042452
-0.078436
0.057708
-0.057599
-0.123438
0.021307
-0.102416
-0.156749
-0.108868
0.183649
0.108926
-0.190267
0.119884
0.007113
-0.021412
-0.011033
-0.143658
0.027475
0.008664
-0.048111
-0.080497
-0.019635
0.040511
-0.195059
0.111254
-0.030830
-0.128745
-0.107048
0.055009
-0.029487
-0.160613
0.092725
-0.062275
-0.069985
0.086448
0.082262
-0.062658
-0.150025
0.015515
0.024111
-0.037436
-0.098550
0.098444
-0.105831
0.017632
-0.138441
0.117938
-0.069285
-0.005146
-0.052989
0.275887
-0.054942
-0.067974
0.139233
-0.075294
-0.000404
0.087659
-0.007063
0.018908
0.054015
-0.078095
-0.014817
0.124612
-0.046460
0.196793
0.022233
0.000831
-0.089138
0.003309
0.040970
0.129530
-0.029733
-0.050502
-0.027991
0.025359
-0.137547
0.138957
-0.074628
0.134947
0.173522
0.027534
-0.029589
-0.061893
-0.061256
-0.051515
-0.036937
-0.184828
0.107145
-0.107548
-0.151915
-0.064258
-0.116693
0.028781
-0.104819
-0.014756
-0.199164
0.191708
0.144000
0.030232
0.146783
-0.085650
0.182223
0.003242
0.022280
-0.024712
-0.049581
0.152862
0.230988
-0.212443
0.012912
-0.195346
-0.107330
0.035708
0.096941
0.090740
0.099913
0.034124
0.089741
-0.067766
-0.078812
-0.023853
-0.035579
-0.068632
-0.069248
0.086611
0.016363
-0.138796
-0.086647
0.079900
-0.106205
-0.049240
0.028545
-0.119118
-0.025540
-0.011712
-0.236086
0.116286
-0.029409
-0.204647
0.028432
0.031973
-0.150957
0.005294
0.032421
-0.000059
-0.019778
-0.072459
-0.007346
0.112304
0.149744
-0.057175
-0.075760
0.151062
-0.075012
0.093958
-0.011248
0.150619
-0.068103
-0.133955
-0.055579
-0.167384
-0.021375
0.146690
-0.026792
-0.109671
0.019574
-0.060205
-0.143225
0.115861
-0.043580
0.184045
0.078987
-0.018201
0.051640
0.035360
0.026676
0.084432
-0.166615
-0.005329
-0.103368
-0.099138
-0.127936
-0.178863
-0.056596
-0.043229
-0.045444
-0.010945
0.004423
-0.074583
0.084122
0.180525
0.057473
-0.002686
-0.177139
0.128333
-0.299461
0.140399
0.051375
0.071004
-0.104033
0.140010
-0.107411
0.117094
0.010323
0.103157
-0.044840
0.096013
-0.157205
-0.041211
0.259742
-0.055034
0.082054
-0.049697
-0.134297
-0.127858
0.066064
0.010342
-0.039804
0.005955
0.105491
-0.116200
-0.167872
-0.106386
0.097283
-0.110676
0.069502
0.014432
0.006228
-0.037525
0.107817
0.138310
-0.035494
-0.062809
0.081604
-0.083779
-0.129921
0.067602
-0.083203
0.210375
-0.013346
-0.246072
0.043947
0.039658
-0.016009
0.001252
0.077203
-0.057324
0.107843
-0.067267
-0.202919
0.071973
-0.105316
-0.078681
0.102770
0.029781
0.006800
-0.046153
0.049333
0.045161
-0.071852
-0.268334
-0.054482
-0.070501
-0.069281
-0.030952
-0.108895
-0.058893
-0.071750
0.107626
-0.077083
0.091848
-0.014274
-0.125947
0.048024
-0.114425
0.083362
0.095634
0.051167
0.191267
-0.124397
0.084203
-0.014237
0.012583
-0.077977
-0.129807
0.057433
0.105821
0.034049
0.012553
-0.019057
0.155563
0.089852
0.029683
-0.116641
0.196550
-0.071793
0.045767
0.184727
-0.001613
0.113972
-0.013139
0.082128
-0.056155
-0.128307
-0.041227
0.000930
0.055087
-0.182178
0.006903
0.157189
0.126720
0.061099
0.154753
0.192851
-0.112182
-0.069286
-0.091779
0.019128
-0.174059
0.144579
0.049659
-0.019390
0.139591
0.007168
0.100928
0.051663
-0.014366
0.128646
0.071148
0.068508
-0.022513
-0.013368
0.015746
0.045778
0.044908
0.200401
-0.135270
-0.073376
0.067191
-0.034581
0.124548
-0.106090
-0.037186
0.019024
-0.033745
-0.055611
0.042761
0.172062
0.055089
-0.162727
0.001581
-0.007166
-0.008518
-0.036803
-0.204922
-0.043735
-0.075232
-0.019796
-0.038462
-0.096484
0.130544
-0.128766
0.177518
0.015447
0.035568
0.129359
-0.204644
-0.003013
-0.141042
0.011336
-0.124989
-0.072873
-0.007988
-0.047441
-0.033043
-0.074436
0.102805
-0.160909
-0.005793
-0.243244
0.151125
0.072927
-0.046176
0.150776
0.013244
-0.186430
-0.314129
-0.182143
-0.009885
-0.109647
-0.032784
0.048524
0.053585
0.008401
0.193354
0.043664
0.110840
-0.265029
0.051706
0.262052
-0.124369
-0.111849
-0.065332
-0.088682
-0.018167
0.033481
-0.077220
-0.047958
-0.095775
0.088310
0.065447
-0.085573
-0.017781
0.035563
-0.047498
-0.011169
0.027910
0.031860
0.018162
-0.063871
0.020966
0.027588
0.032705
-0.026521
-0.023304
0.021369
0.033598
0.034433
-0.078961
0.019831
0.026614
0.035700
-0.012627
-0.042386
0.025862
0.033064
0.034836
-0.067561
0.005348
0.029799
0.034009
0.003652
-0.057619
0.023435
0.028941
0.038109
-0.047154
-0.009802
0.026369
0.031757
0.021242
-0.070273
0.021195
0.033605
0.035387
-0.030360
-0.027503
0.025468
0.033398
0.037779
-0.089158
0.023699
0.028445
0.039535
-0.014444
-0.043749
0.025204
0.035300
0.033734
-0.067900
0.004004
0.031598
0.036643
-0.001513
-0.059526
0.027882
0.033879
0.035618
-0.052822
-0.009266
0.029159
0.036067
0.020260
-0.079136
0.025903
0.035813
0.035586
-0.033587
-0.029237
0.029556
0.036556
0.038976
-0.098846
0.024913
0.036045
0.038584
-0.019644
-0.046939
0.030368
0.036022
0.038023
-0.074036
0.004605
0.033497
0.037336
0.001395
-0.067244
0.026270
0.040065
0.040595
-0.058975
-0.013380
0.034017
0.037900
0.021982
-0.085961
0.024586
0.041551
0.038030
-0.041881
-0.032216
0.034673
0.041349
0.039426
-0.105709
0.026445
0.038170
0.040431
-0.019770
-0.051665
0.027919
0.044454
0.039065
-0.084920
0.009288
0.035344
0.040048
0.000178
-0.073214
0.031286
0.040912
0.041085
-0.063884
-0.013976
0.037185
0.039830
0.021140
-0.093556
0.032668
0.040640
0.040302
-0.041861
-0.037389
0.037628
0.040097
0.046013
-0.116421
0.032747
0.035570
0.042997
-0.019185
-0.055071
0.033662
0.040452
0.044307
-0.132537
-0.107098
-0.025217
0.019000
0.022111
0.072875
-0.046839
0.128977
-0.021364
0.123611
0.068611
-0.026297
-0.026622
0.015905
0.008512
-0.033570
-0.039220
-0.057235
-0.065011
-0.117406
-0.045222
-0.107975
-0.056665
-0.010414
0.144331
-0.013687
0.054253
0.037236
-0.062512
0.032207
-0.020741
0.092601
0.004708
0.016481
-0.054273
0.139836
0.169718
-0.062865
-0.032718
-0.025981
-0.081862
0.068719
-0.065890
-0.064836
-0.013961
0.009964
0.000447
0.077586
-0.049998
0.069778
0.078421
0.034400
-0.074287
-0.039509
-0.060320
-0.081541
-0.028678
-0.036333
-0.060830
-0.100492
-0.034084
0.083469
-0.045733
0.079850
-0.011193
-0.050137
-0.050992
-0.065102
0.102227
-0.011958
0.035327
0.101124
-0.032581
-0.079993
-0.085478
-0.009155
0.027884
0.007407
-0.022272
-0.037624
-0.045859
-0.141269
0.007179
-0.058393
0.062664
-0.015095
0.067897
-0.001545
-0.037922
-0.029794
0.072871
-0.052319
0.110107
-0.019801
-0.056886
0.002039
-0.112311
-0.082668
-0.031580
-0.059405
0.027563
-0.053309
-0.031638
0.028700
-0.022629
0.032864
0.039632
0.029145
0.001106
0.068745
-0.091869
0.045651
0.017028
-0.084132
0.001047
0.062682
0.011776
-0.015281
-0.005071
0.061545
-0.036740
0.012475
0.037413
-0.088960
-0.008592
-0.073963
0.044197
0.102811
-0.042508
-0.048034
0.066723
0.084377
-0.051243
0.025065
0.071467
-0.028140
0.087200
-0.007540
0.063429
-0.004071
-0.080072
-0.036790
-0.025087
0.116910
-0.071897
-0.022024
-0.028962
-0.080010
0.058228
-0.000221
-0.003817
0.050142
0.083507
0.083760
0.119371
-0.117885
0.037721
-0.061612
0.029675
-0.008265
0.030868
0.018950
0.031449
-0.011502
0.089843
-0.113716
0.003952
-0.031139
-0.099178
-0.017781
0.035563
-0.047498
-0.011169
0.027910
0.031860
0.018162
-0.063871
0.020966
0.027588
0.032705
-0.026521
-0.023304
0.021369
0.033598
0.034433
-0.078961
0.019831
0.026614
0.035700
-0.012627
-0.042386
0.025862
0.033064
0.034836
-0.067561
0.005348
0.029799
0.034009
0.003652
-0.057619
0.023435
0.028941
0.038109
-0.047154
-0.009802
0.026369
0.031757
0.021242
-0.070273
0.021195
0.033605
0.035387
-0.030360
-0.027503
0.025468
0.033398
0.037779
-0.089158
0.023699
0.028445
0.039535
-0.014444
-0.043749
0.025204
0.035300
0.033734
-0.067900
0.004004
0.031598
0.036643
-0.001513
-0.059526
0.027882
0.033879
0.035618
-0.052822
-0.009266
0.029159
0.036067
0.020260
-0.079136
0.025903
0.035813
0.035586
-0.033587
-0.029237
0.029556
0.036556
0.038976
-0.098846
0.024913
0.036045
0.038584
-0.019644
-0.046939
0.030368
0.036022
0.038023
-0.074036
0.004605
0.033497
0.037336
0.001395
-0.067244
0.026270
0.040065
0.040595
-0.058975
-0.013380
0.034017
0.037900
0.021982
-0.085961
0.024586
0.041551
0.038030
-0.041881
-0.032216
0.034673
0.041349
0.039426
-0.105709
0.026445
0.038170
0.040431
-0.019770
-0.051665
0.027919
0.044454
0.039065
-0.084920
0.009288
0.035344
0.040048
0.000178
-0.073214
0.031286
0.040912
0.041085
-0.063884
-0.013976
0.037185
0.039830
0.021140
-0.093556
0.032668
0.040640
0.040302
-0.041861
-0.037389
0.037628
0.040097
0.046013
-0.116421
0.032747
0.035570
0.042997
-0.019185
-0.055071
0.033662
0.040452
0.044307
-0.132537
-0.107098
-0.025217
0.019000
0.022111
0.072875
-0.046839
0.128977
-0.021364
0.123611
0.068611
-0.026297
-0.026622
0.015905
0.008512
-0.033570
-0.039220
-0.057235
-0.065011
-0.117406
-0.045222
-0.107975
-0.056665
-0.010414
0.144331
-0.013687
0.054253
0.037236
-0.062512
0.032207
-0.020741
0.092601
0.004708
0.016481
-0.054273
0.139836
0.169718
-0.062865
-0.032718
-0.025981
-0.081862
0.068719
-0.065890
-0.064836
-0.013961
0.009964
0.000447
0.077586
-0.049998
0.069778
0.078421
0.034400
-0.074287
-0.039509
-0.060320
-0.081541
-0.028678
-0.036333
-0.060830
-0.100492
-0.034084
0.083469
-0.045733
0.079850
-0.011193
-0.050137
-0.050992
-0.065102
0.102227
-0.011958
0.035327
0.101124
-0.032581
-0.079993
-0.085478
-0.009155
0.027884
0.007407
-0.022272
-0.037624
-0.045859
-0.141269
0.007179
-0.058393
0.062664
-0.015095
0.067897
-0.001545
-0.037922
-0.029794
0.072871
-0.052319
0.110107
-0.019801
-0.056886
0.002039
-0.112311
-0.082668
-0.031580
-0.059405
0.027563
-0.053309
-0.031638
0.028700
-0.022629
0.032864
0.039632
0.029145
0.001106
0.068745
-0.091869
0.045651
0.017028
-0.084132
0.001047
0.062682
0.011776
-0.015281
-0.005071
0.061545
-0.036740
0.012475
0.037413
-0.088960
-0.008592
-0.073963
0.044197
0.102811
-0.042508
-0.048034
0.066723
0.084377
-0.051243
0.025065
0.071467
-0.028140
0.087200
-0.007540
0.063429
-0.004071
-0.080072
-0.036790
-0.025087
0.116910
-0.071897
-0.022024
-0.028962
-0.080010
0.058228
-0.000221
-0.003817
0.050142
0.083507
0.083760
0.119371
-0.117885
0.037721
-0.061612
0.029675
-0.008265
0.030868
0.018950
0.031449
-0.011502
0.089843
-0.113716
0.003952
-0.031139
-0.099178
-0.146367
0.006382
0.002666
0.007229
0.008517
0.006961
0.003986
0.006514
0.005769
0.009065
0.003021
0.008395
0.006655
0.006473
0.003361
0.008982
0.003979
0.007754
0.006828
0.006451
0.003380
0.008353
0.007283
0.004869
0.005007
0.003216
0.010845
0.007727
0.003934
0.005735
0.008007
0.004870
0.007897
0.006823
0.007431
0.004207
0.006403
0.006136
0.005858
0.006175
0.007383
0.007998
0.004886
0.006065
0.006068
0.006361
0.006248
0.005835
0.004656
0.007812
0.006446
0.004578
0.009931
0.004470
0.006352
0.006939
0.005041
0.008115
0.004869
0.009394
0.004639
0.006467
0.006012
0.004369
0.009059
0.005651
0.005894
0.006253
0.006238
0.007753
0.006302
0.006933
0.003561
0.007696
0.002764
0.009723
0.006482
0.006936
0.006223
0.006922
0.005934
0.003090
0.009807
0.005832
0.003328
0.007824
0.008754
0.005677
0.004193
0.007264
0.007924
0.006668
0.001027
0.012515
0.002223
0.009710
0.005049
0.006525
0.004611
0.005554
0.008624
0.004863
0.007108
0.006657
0.006761
0.003068
0.009675
0.006589
0.006389
0.004484
0.007127
0.008048
0.005042
0.007580
0.003234
0.008704
0.007177
0.007053
0.004564
0.007688
-0.114065
-0.013303
0.032552
0.051689
-0.029398
-0.014261
0.086505
0.078136
-0.028348
0.044849
-0.057533
0.039056
-0.027411
-0.078864
-0.130970
0.066657
-0.097299
0.024686
0.052898
0.047470
0.043529
-0.109511
0.001926
-0.035532
-0.027182
-0.011132
0.072150
0.055109
0.032618
0.038615
-0.094667
-0.036755
-0.049171
0.013835
0.054039
0.091593
0.015659
-0.046397
0.109366
0.111897
-0.025954
-0.055131
-0.070381
-0.079874
0.001753
-0.035812
-0.043776
-0.089981
0.053087
-0.026548
-0.023039
-0.026966
0.011395
-0.048517
0.007952
0.066353
-0.074733
-0.039503
0.028086
0.010538
0.074102
-0.042641
0.100082
-0.059911
0.017359
0.072338
-0.023075
0.013450
-0.046151
0.086002
-0.072840
-0.044831
-0.097775
0.047677
-0.010867
0.045262
0.087249
-0.002280
0.033139
0.053472
0.081595
-0.098841
-0.122584
0.009645
-0.109079
-0.092788
-0.038877
-0.113159
-0.092732
0.037440
0.051545
-0.141066
0.038501
0.042368
-0.025325
0.016175
-0.015233
-0.068226
0.056379
-0.050358
-0.132417
0.079624
0.023696
-0.098055
0.131001
-0.001077
0.045947
0.020447
0.033283
-0.063628
-0.058636
0.055651
-0.054218
0.001834
-0.071694
0.057385
-0.013702
-0.018404
0.070404
0.057228
-0.027357
0.069593
-0.001879
0.068816
-0.027309
-0.008095
0.051546
0.014574
-0.044302
-0.056300
-0.118539
-0.044527
-0.146367
0.006382
0.002666
0.007229
0.008517
0.006961
0.003986
0.006514
0.005769
0.009065
0.003021
0.008395
0.006655
0.006473
0.003361
0.008982
0.003979
0.007754
0.006828
0.006451
0.003380
0.008353
0.007283
0.004869
0.005007
0.003216
0.010845
0.007727
0.003934
0.005735
0.008007
0.004870
0.007897
0.006823
0.007431
0.004207
0.006403
0.006136
0.005858
0.006175
0.007383
0.007998
0.004886
0.006065
0.006068
0.006361
0.006248
0.005835
0.004656
0.007812
0.006446
0.004578
0.009931
0.004470
0.006352
0.006939
0.005041
0.008115
0.004869
0.009394
0.004639
0.006467
0.006012
0.004369
0.009059
0.005651
0.005894
0.006253
0.006238
0.007753
0.006302
0.006933
0.003561
0.007696
0.002764
0.009723
0.006482
0.006936
0.006223
0.006922
0.005934
0.003090
0.009807
0.005832
0.003328
0.007824
0.008754
0.005677
0.004193
0.007264
0.007924
0.006668
0.001027
0.012515
0.002223
0.009710
0.005049
0.006525
0.004611
0.005554
0.008624
0.004863
0.007108
0.006657
0.006761
0.003068
0.009675
0.006589
0.006389
0.004484
0.007127
0.008048
0.005042
0.007580
0.003234
0.008704
0.007177
0.007053
0.004564
0.007688
-0.114065
-0.013303
0.032552
0.051689
-0.029398
-0.014261
0.086505
0.078136
-0.028348
0.044849
-0.057533
0.039056
-0.027411
-0.078864
-0.130970
0.066657
-0.097299
0.024686
0.052898
0.047470
0.043529
-0.109511
0.001926
-0.035532
-0.027182
-0.011132
0.072150
0.055109
0.032618
0.038615
-0.094667
-0.036755
-0.049171
0.013835
0.054039
0.091593
0.015659
-0.046397
0.109366
0.111897
-0.025954
-0.055131
-0.070381
-0.079874
0.001753
-0.035812
-0.043776
-0.089981
0.053087
-0.026548
-0.023039
-0.026966
0.011395
-0.048517
0.007952
0.066353
-0.074733
-0.039503
0.028086
0.010538
0.074102
-0.042641
0.100082
-0.059911
0.017359
0.072338
-0.023075
0.013450
-0.046151
0.086002
-0.072840
-0.044831
-0.097775
0.047677
-0.010867
0.045262
0.087249
-0.002280
0.033139
0.053472
0.081595
-0.098841
-0.122584
0.009645
-0.109079
-0.092788
-0.038877
-0.113159
-0.092732
0.037440
0.051545
-0.141066
0.038501
0.042368
-0.025325
0.016175
-0.015233
-0.068226
0.056379
-0.050358
-0.132417
0.079624
0.023696
-0.098055
0.131001
-0.001077
0.045947
0.020447
0.033283
-0.063628
-0.058636
0.055651
-0.054218
0.001834
-0.071694
0.057385
-0.013702
-0.018404
0.070404
0.057228
-0.027357
0.069593
-0.001879
0.068816
-0.027309
-0.008095
0.051546
0.014574
-0.044302
-0.056300
-0.118539
-0.044527
-0.146367
0.006382
0.002666
0.007229
0.008517
0.006961
0.003986
0.006514
0.005769
0.009065
0.003021
0.008395
0.006655
0.006473
0.003361
0.008982
0.003979
0.007754
0.006828
0.006451
0.003380
0.008353
0.007283
0.004869
0.005007
0.003216
0.010845
0.007727
0.003934
0.005735
0.008007
0.004870
0.007897
0.006823
0.007431
0.004207
0.006403
0.006136
0.005858
0.006175
0.007383
0.007998
0.004886
0.006065
0.006068
0.006361
0.006248
0.005835
0.004656
0.007812
0.006446
0.004578
0.009931
0.004470
0.006352
0.006939
0.005041
0.008115
0.004869
0.009394
0.004639
0.006467
0.006012
0.004369
0.009059
0.005651
0.005894
0.006253
0.006238
0.007753
0.006302
0.006933
0.003561
0.007696
0.002764
0.009723
0.006482
0.006936
0.006223
0.006922
0.005934
0.003090
0.009807
0.005832
0.003328
0.007824
0.008754
0.005677
0.004193
0.007264
0.007924
0.006668
0.001027
0.012515
0.002223
0.009710
0.005049
0.006525
0.004611
0.005554
0.008624
0.004863
0.007108
0.006657
0.006761
0.003068
0.009675
0.006589
0.006389
0.004484
0.007127
0.008048
0.005042
0.007580
0.003234
0.008704
0.007177
0.007053
0.004564
0.007688
-0.114065
-0.013303
0.032552
0.051689
-0.029398
-0.014261
0.086505
0.078136
-0.028348
0.044849
-0.057533
0.039056
-0.027411
-0.078864
-0.130970
0.066657
-0.097299
0.024686
0.052898
0.047470
0.043529
-0.109511
0.001926
-0.035532
-0.027182
-0.011132
0.072150
0.055109
0.032618
0.038615
-0.094667
-0.036755
-0.049171
0.013835
0.054039
0.091593
0.015659
-0.046397
0.109366
0.111897
-0.025954
-0.055131
-0.070381
-0.079874
0.001753
-0.035812
-0.043776
-0.089981
0.053087
-0.026548
-0.023039
-0.026966
0.011395
-0.048517
0.007952
0.066353
-0.074733
-0.039503
0.028086
0.010538
0.074102
-0.042641
0.100082
-0.059911
0.017359
0.072338
-0.023075
0.013450
-0.046151
0.086002
-0.072840
-0.044831
-0.097775
0.047677
-0.010867
0.045262
0.087249
-0.002280
0.033139
0.053472
0.081595
-0.098841
-0.122584
0.009645
-0.109079
-0.092788
-0.038877
-0.113159
-0.092732
0.037440
0.051545
-0.141066
0.038501
0.042368
-0.025325
0.016175
-0.015233
-0.068226
0.056379
-0.050358
-0.132417
0.079624
0.023696
-0.098055
0.131001
-0.001077
0.045947
0.020447
0.033283
-0.063628
-0.058636
0.055651
-0.054218
0.001834
-0.071694
0.057385
-0.013702
-0.018404
0.070404
0.057228
-0.027357
0.069593
-0.001879
0.068816
-0.027309
-0.008095
0.051546
0.014574
-0.044302
-0.056300
-0.118539
-0.044527
-0.146367
0.006382
0.002666
0.007229
0.008517
0.006961
0.003986
0.006514
0.005769
0.009065
0.003021
0.008395
0.006655
0.006473
0.003361
0.008982
0.003979
0.007754
0.006828
0.006451
0.003380
0.008353
0.007283
0.004869
0.005007
0.003216
0.010845
0.007727
0.003934
0.005735
0.008007
0.004870
0.007897
-0.146367
-0.146367
0.006382
0.002666
0.007229
0.008517
0.006961
0.003986
0.006514
0.005769
0.009065
0.003021
0.008395
0.006655
0.006473
0.003361
0.008982
0.003979
0.007754
0.006828
0.006451
0.003380
0.008353
0.007283
0.004869
0.005007
0.003216
0.010845
0.007727
0.003934
0.005735
0.008007
0.004870
0.007897
0.006823
0.007431
0.004207
0.006403
0.006136
0.005858
0.006175
0.007383
0.007998
0.004886
0.006065
0.006068
0.006361
0.006248
0.005835
0.004656
0.007812
0.006446
0.004578
0.009931
0.004470
0.006352
0.006939
0.005041
0.008115
0.004869
0.009394
0.004639
0.006467
0.006012
0.004369
0.009059
0.005651
0.005894
0.006253
0.006238
0.007753
0.006302
0.006933
0.003561
0.007696
0.002764
0.009723
0.006482
0.006936
0.006223
0.006922
0.005934
0.003090
0.009807
0.005832
0.003328
0.007824
0.008754
0.005677
0.004193
0.007264
0.007924
0.006668
0.001027
0.012515
0.002223
0.009710
0.005049
0.006525
0.004611
0.005554
0.008624
0.004863
0.007108
0.006657
0.006761
0.003068
0.009675
0.006589
0.006389
0.004484
0.007127
0.008048
0.005042
0.007580
0.003234
0.008704
0.007177
0.007053
0.004564
0.007688
-0.114065
-0.013303
0.032552
0.051689
-0.029398
-0.014261
0.086505
0.078136
-0.028348
0.044849
-0.057533
0.039056
-0.027411
-0.078864
-0.130970
0.066657
-0.097299
0.024686
0.052898
0.047470
0.043529
-0.109511
0.001926
-0.035532
-0.027182
-0.011132
0.072150
0.055109
0.032618
0.038615
-0.094667
-0.036755
-0.049171
0.013835
0.054039
0.091593
0.015659
-0.046397
0.109366
0.111897
-0.025954
-0.055131
-0.070381
-0.079874
0.001753
-0.035812
-0.043776
-0.089981
0.053087
-0.026548
-0.023039
-0.026966
0.011395
-0.048517
0.007952
0.066353
-0.074733
-0.039503
0.028086
0.010538
0.074102
-0.042641
0.100082
-0.059911
0.017359
0.072338
-0.023075
0.013450
-0.046151
0.086002
-0.072840
-0.044831
-0.097775
0.047677
-0.010867
0.045262
0.087249
-0.002280
0.033139
0.053472
0.081595
-0.098841
-0.122584
0.009645
-0.109079
-0.092788
-0.038877
-0.113159
-0.092732
0.037440
0.051545
-0.141066
0.038501
0.042368
-0.025325
0.016175
-0.015233
-0.068226
0.056379
-0.050358
-0.132417
0.079624
0.023696
-0.098055
0.131001
-0.001077
0.045947
0.020447
0.033283
-0.063628
-0.058636
0.055651
-0.054218
0.001834
-0.071694
0.057385
-0.013702
-0.018404
0.070404
0.057228
-0.027357
0.069593
-0.001879
0.068816
-0.027309
-0.008095
0.051546
0.014574
-0.044302
-0.056300
-0.118539
-0.044527
-0.146367
0.006382
0.002666
0.007229
0.008517
0.006961
0.003986
0.006514
0.005769
0.009065
0.003021
0.008395
0.006655
0.006473
0.003361
0.008982
0.003979
0.007754
0.006828
0.006451
0.003380
0.008353
0.007283
0.004869
0.005007
0.003216
0.010845
0.007727
0.003934
0.005735
0.008007
0.004870
0.007897
0.006823
0.007431
0.004207
0.006403
0.006136
0.005858
0.006175
0.007383
0.007998
0.004886
0.006065
0.006068
0.006361
0.006248
0.005835
0.004656
0.007812
0.006446
0.004578
0.009931
0.004470
0.006352
0.006939
0.005041
0.008115
0.004869
0.009394
0.004639
0.006467
0.006012
0.004369
0.009059
0.005651
0.005894
0.006253
0.006238
0.007753
0.006302
0.006933
0.003561
0.007696
0.002764
0.009723
0.006482
0.006936
0.006223
0.006922
0.005934
0.003090
0.009807
0.005832
0.003328
0.007824
0.008754
0.005677
0.004193
0.007264
0.007924
0.006668
0.001027
0.012515
0.002223
0.009710
0.005049
0.006525
0.004611
0.005554
0.008624
0.004863
0.007108
0.006657
0.006761
0.003068
0.009675
0.006589
0.006389
0.004484
0.007127
0.008048
0.005042
0.007580
0.003234
0.008704
0.007177
0.007053
0.004564
0.007688
-0.114065
-0.013303
0.032552
0.051689
-0.029398
-0.014261
0.086505
0.078136
-0.028348
0.044849
-0.057533
0.039056
-0.027411
-0.078864
-0.130970
0.066657
-0.097299
0.024686
0.052898
0.047470
0.043529
-0.109511
0.001926
-0.035532
-0.027182
-0.011132
0.072150
0.055109
0.032618
0.038615
-0.094667
-0.036755
-0.049171
0.013835
0.054039
0.091593
0.015659
-0.046397
0.109366
0.111897
-0.025954
-0.055131
-0.070381
-0.079874
0.001753
-0.035812
-0.043776
-0.089981
0.053087
-0.026548
-0.023039
-0.026966
0.011395
-0.048517
0.007952
0.066353
-0.074733
-0.039503
0.028086
0.010538
0.074102
-0.042641
0.100082
-0.059911
0.017359
0.072338
-0.023075
0.013450
-0.046151
0.086002
-0.072840
-0.044831
-0.097775
0.047677
-0.010867
0.045262
0.087249
-0.002280
0.033139
0.053472
0.081595
-0.098841
-0.122584
0.009645
-0.109079
-0.092788
-0.038877
-0.113159
-0.092732
0.037440
0.051545
-0.141066
0.038501
0.042368
-0.025325
0.016175
-0.015233
-0.068226
0.056379
-0.050358
-0.132417
0.079624
0.023696
-0.098055
0.131001
-0.001077
0.045947
0.020447
0.033283
-0.063628
-0.058636
0.055651
-0.054218
0.001834
-0.071694
0.057385
-0.013702
-0.018404
0.070404
0.057228
-0.027357
0.069593
-0.001879
0.068816
-0.027309
-0.008095
0.051546
0.014574
-0.044302
-0.056300
-0.118539
-0.044527
-0.146367
0.006382
0.002666
0.007229
0.008517
0.006961
0.003986
0.006514
0.005769
0.009065
0.003021
0.008395
0.006655
0.006473
0.003361
0.008982
0.003979
0.007754
0.006828
0.006451
0.003380
0.008353
0.007283
0.004869
0.005007
0.003216
0.010845
0.007727
0.003934
0.005735
0.008007
0.004870
0.007897
0.006823
0.007431
0.004207
0.006403
0.006136
0.005858
0.006175
0.007383
0.007998
0.004886
0.006065
0.006068
0.006361
0.006248
0.005835
0.004656
0.007812
0.006446
0.004578
0.009931
0.004470
0.006352
0.006939
0.005041
0.008115
0.004869
0.009394
0.004639
0.006467
0.006012
0.004369
0.009059
0.005651
0.005894
0.006253
0.006238
0.007753
0.006302
0.006933
0.003561
0.007696
0.002764
0.009723
0.006482
0.006936
0.006223
0.006922
0.005934
0.003090
0.009807
0.005832
0.003328
0.007824
0.008754
0.005677
0.004193
0.007264
0.007924
0.006668
0.001027
0.012515
0.002223
0.009710
0.005049
0.006525
0.004611
0.005554
0.008624
0.004863
0.007108
0.006657
0.006761
0.003068
0.009675
0.006589
0.006389
0.004484
0.007127
0.008048
0.005042
0.007580
0.003234
0.008704
0.007177
0.007053
0.004564
0.007688
-0.114065
-0.013303
0.032552
0.051689
-0.029398
-0.014261
0.086505
0.078136
-0.028348
0.044849
-0.057533
0.039056
-0.027411
-0.078864
-0.130970
0.066657
-0.097299
0.024686
0.052898
0.047470
0.043529
-0.109511
0.001926
-0.035532
-0.027182
-0.011132
0.072150
0.055109
0.032618
0.038615
-0.094667
-0.036755
-0.049171
0.013835
0.054039
0.091593
0.015659
-0.046397
0.109366
0.111897
-0.025954
-0.055131
-0.070381
-0.079874
0.001753
-0.035812
-0.043776
-0.089981
0.053087
-0.026548
-0.023039
-0.026966
0.011395
-0.048517
0.007952
0.066353
-0.074733
-0.039503
0.028086
0.010538
0.074102
-0.042641
0.100082
-0.059911
0.017359
0.072338
-0.023075
0.013450
-0.046151
0.086002
-0.072840
-0.044831
-0.097775
0.047677
-0.010867
0.045262
0.087249
-0.002280
0.033139
0.053472
0.081595
-0.098841
-0.122584
0.009645
-0.109079
-0.092788
-0.038877
-0.113159
-0.092732
0.037440
0.051545
-0.141066
0.038501
0.042368
-0.025325
0.016175
-0.015233
-0.068226
0.056379
-0.050358
-0.132417
0.079624
0.023696
-0.098055
0.131001
-0.001077
0.045947
0.020447
0.033283
-0.063628
-0.058636
0.055651
-0.054218
0.001834
-0.071694
0.057385
-0.013702
-0.018404
0.070404
0.057228
-0.027357
0.069593
-0.001879
0.068816
-0.027309
-0.008095
0.051546
0.014574
-0.044302
-0.056300
-0.118539
-0.044527
-0.146367
0.006382
0.002666
0.007229
0.008517
0.006961
0.003986
0.006514
0.005769
0.009065
0.003021
0.008395
0.006655
0.006473
0.003361
0.008982
0.003979
0.007754
0.006828
0.006451
0.003380
0.008353
0.007283
0.004869
0.005007
0.003216
0.010845
0.007727
0.003934
0.005735
0.008007
0.004870
0.007897
0.006823
0.007431
0.004207
0.006403
0.006136
0.005858
0.006175
0.007383
0.007998
0.004886
0.006065
0.006068
0.006361
0.006248
0.005835
0.004656
0.007812
0.006446
0.004578
0.009931
0.004470
0.006352
0.006939
0.005041
0.008115
0.004869
0.009394
0.004639
0.006467
0.006012
0.004369
0.009059
0.005651
0.005894
0.006253
0.006238
0.007753
0.006302
0.006933
0.003561
0.007696
0.002764
0.009723
0.006482
0.006936
0.006223
0.006922
0.005934
0.003090
0.009807
0.005832
0.003328
0.007824
0.008754
0.005677
0.004193
0.007264
0.007924
0.006668
0.001027
0.012515
0.002223
0.009710
0.005049
0.006525
0.004611
0.005554
0.008624
0.004863
0.007108
0.006657
0.006761
0.003068
0.009675
0.006589
0.006389
0.004484
0.007127
0.008048
0.005042
0.007580
0.003234
0.008704
0.007177
0.007053
0.004564
0.007688
-0.114065
-0.013303
0.032552
0.051689
-0.029398
-0.014261
0.086505
0.078136
-0.028348
0.044849
-0.057533
0.039056
-0.027411
-0.078864
-0.130970
0.066657
-0.097299
0.024686
0.052898
0.047470
0.043529
-0.109511
0.001926
-0.035532
-0.027182
-0.011132
0.072150
0.055109
0.032618
0.038615
-0.094667
-0.036755
-0.049171
0.013835
0.054039
0.091593
0.015659
-0.046397
0.109366
0.111897
-0.025954
-0.055131
-0.070381
-0.079874
0.001753
-0.035812
-0.043776
-0.089981
0.053087
-0.026548
-0.023039
-0.026966
0.011395
-0.048517
0.007952
0.066353
-0.074733
-0.039503
0.028086
0.010538
0.074102
-0.042641
0.100082
-0.059911
0.017359
0.072338
-0.023075
0.013450
-0.046151
0.086002
-0.072840
-0.044831
-0.097775
0.047677
-0.010867
0.045262
0.087249
-0.002280
0.033139
0.053472
0.081595
-0.098841
-0.122584
0.009645
-0.109079
-0.092788
-0.038877
-0.113159
-0.092732
0.037440
0.051545
-0.141066
0.038501
0.042368
-0.025325
0.016175
-0.015233
-0.068226
0.056379
-0.050358
-0.132417
0.079624
0.023696
-0.098055
0.131001
-0.001077
0.045947
0.020447
0.033283
-0.063628
-0.058636
0.055651
-0.054218
0.001834
-0.071694
0.057385
-0.013702
-0.018404
0.070404
0.057228
-0.027357
0.069593
-0.001879
0.068816
-0.027309
-0.008095
0.051546
0.014574
-0.044302
-0.056300
-0.118539
-0.044527
-0.146367
0.006382
0.002666
0.007229
0.008517
0.006961
0.003986
0.006514
0.005769
0.009065
0.003021
0.008395
0.006655
0.006473
0.003361
0.008982
0.003979
0.007754
0.006828
0.006451
0.003380
0.008353
0.007283
0.004869
0.005007
0.003216
0.010845
0.007727
0.003934
0.005735
0.008007
0.004870
0.007897
0.006823
0.007431
0.004207
0.006403
0.006136
0.005858
0.006175
0.007383
0.007998
0.004886
0.006065
0.006068
0.006361
0.006248
0.005835
0.004656
0.007812
0.006446
0.004578
0.009931
0.004470
0.006352
0.006939
0.005041
0.008115
0.004869
0.009394
0.004639
0.006467
0.006012
0.004369
0.009059
0.005651
0.005894
0.006253
0.006238
0.007753
0.006302
0.006933
0.003561
0.007696
0.002764
0.009723
0.006482
0.006936
0.006223
0.006922
0.005934
0.003090
0.009807
0.005832
0.003328
0.007824
0.008754
0.005677
0.004193
0.007264
0.007924
0.006668
0.001027
0.012515
0.002223
0.009710
0.005049
0.006525
0.004611
0.005554
0.008624
0.004863
0.007108
0.006657
0.006761
0.003068
0.009675
0.006589
0.006389
0.004484
0.007127
0.008048
0.005042
0.007580
0.003234
0.008704
0.007177
0.007053
0.004564
0.007688
-0.114065
-0.013303
0.032552
0.051689
-0.029398
-0.014261
0.086505
0.078136
-0.028348
0.044849
-0.057533
0.039056
-0.027411
-0.078864
-0.130970
0.066657
-0.097299
0.024686
0.052898
0.047470
0.043529
-0.109511
0.001926
-0.035532
-0.027182
-0.011132
0.072150
0.055109
0.032618
0.038615
-0.094667
-0.036755
-0.049171
0.013835
0.054039
0.091593
0.015659
-0.046397
0.109366
0.111897
-0.025954
-0.055131
-0.070381
-0.079874
0.001753
-0.035812
-0.043776
-0.089981
0.053087
-0.026548
-0.023039
-0.026966
0.011395
-0.048517
0.007952
0.066353
-0.074733
-0.039503
0.028086
0.010538
0.074102
-0.042641
0.100082
-0.059911
0.017359
0.072338
-0.023075
0.013450
-0.046151
0.086002
-0.072840
-0.044831
-0.097775
0.047677
-0.010867
0.045262
0.087249
-0.002280
0.033139
0.053472
0.081595
-0.098841
-0.122584
0.009645
-0.109079
-0.092788
-0.038877
-0.113159
-0.092732
0.037440
0.051545
-0.141066
0.038501
0.042368
-0.025325
0.016175
-0.015233
-0.068226
0.056379
-0.050358
-0.132417
0.079624
0.023696
-0.098055
0.131001
-0.001077
0.045947
0.020447
0.033283
-0.063628
-0.058636
0.055651
-0.054218
0.001834
-0.071694
0.057385
-0.013702
-0.018404
0.070404
0.057228
-0.027357
0.069593
-0.001879
0.068816
-0.027309
-0.008095
0.051546
0.014574
-0.044302
-0.056300
-0.118539
-0.044527
-0.136460
0.005512
0.006329
0.006882
0.003916
0.005619
0.006419
0.007019
0.006308
0.004260
0.003799
0.008079
0.006769
0.006699
0.004997
0.001614
0.008167
0.008355
0.004880
0.006238
0.004756
0.005162
0.006424
0.006346
0.005455
0.004397
0.007048
0.003561
0.006667
0.004975
0.007527
0.005705
0.006870
0.004107
0.005683
0.005093
0.009080
0.003180
0.005015
0.005787
0.009031
0.003030
0.007172
0.004286
0.007612
0.005678
0.007584
0.003672
0.006216
0.006677
0.006098
0.005056
0.004751
0.007143
0.005274
0.007294
0.004258
0.006662
0.005668
0.006310
0.005783
0.003501
0.009304
0.004928
0.006696
0.005703
0.004309
0.005105
0.006313
0.008141
0.006331
0.005616
0.005675
0.005733
0.004554
0.005847
0.006768
0.004195
0.009965
0.002952
0.006831
0.004272
0.007542
0.005161
0.006039
0.005785
0.005654
0.007507
0.002513
0.007093
0.005691
0.006709
0.008276
0.003771
0.005916
0.006724
0.006393
0.005082
0.006203
0.006067
0.005673
0.006114
0.006238
0.006463
0.004433
0.006900
0.005672
0.006009
0.003321
0.008136
0.007701
0.005119
0.007158
0.005146
0.007378
0.002539
0.008722
0.004512
0.005208
0.008567
0.091764
0.027609
-0.033895
0.033558
-0.019813
0.058383
0.085251
0.016369
-0.063041
-0.050046
-0.056577
0.045726
0.011392
0.067603
-0.063428
0.067217
-0.030493
0.066142
-0.012100
0.009203
0.013429
0.090145
-0.036787
0.018039
-0.002377
-0.084814
-0.088306
0.089917
-0.063414
0.034500
0.018869
-0.015389
0.025741
-0.028080
-0.070302
0.007418
-0.078112
-0.108113
-0.052941
0.007163
-0.058694
0.065925
0.044552
-0.069400
0.055140
0.014089
-0.007218
-0.068221
0.037641
-0.044038
-0.014916
0.021805
-0.036452
0.010811
0.082216
0.058144
0.005903
-0.034491
0.016924
-0.003832
-0.054397
-0.048311
-0.047648
0.053342
0.055212
-0.035414
0.067970
0.024359
-0.060314
-0.102203
0.106853
-0.075895
-0.040104
-0.096593
0.108204
-0.045920
0.078609
0.031709
-0.021864
0.060993
0.055826
0.032975
-0.103650
0.001137
-0.106210
0.016960
0.114822
0.010385
0.081164
0.060014
-0.057848
-0.005107
0.084048
-0.019369
0.010315
-0.136460
0.005512
0.006329
0.006882
0.003916
0.005619
0.006419
0.007019
0.006308
0.004260
0.003799
0.008079
0.006769
0.006699
0.004997
0.001614
0.008167
0.008355
0.004880
0.006238
0.004756
0.005162
0.006424
0.006346
0.005455
0.004397
0.007048
0.003561
0.006667
0.004975
0.007527
0.005705
0.006870
0.004107
0.005683
0.005093
0.009080
0.003180
0.005015
0.005787
0.009031
0.003030
0.007172
0.004286
0.007612
0.005678
0.007584
0.003672
0.006216
0.006677
0.006098
0.005056
0.004751
0.007143
0.005274
0.007294
0.004258
0.006662
0.005668
0.006310
0.005783
0.003501
0.009304
0.004928
0.006696
0.005703
0.004309
0.005105
0.006313
0.008141
0.006331
0.005616
0.005675
0.005733
0.004554
0.005847
0.006768
0.004195
0.009965
0.002952
0.006831
0.004272
0.007542
0.005161
0.006039
0.005785
0.005654
0.007507
0.002513
0.007093
0.005691
0.006709
0.008276
0.003771
0.005916
0.006724
0.006393
0.005082
0.006203
0.006067
0.005673
0.006114
0.006238
0.006463
0.004433
0.006900
0.005672
0.006009
0.003321
0.008136
0.007701
0.005119
0.007158
0.005146
0.007378
0.002539
0.008722
0.004512
0.005208
0.008567
0.091764
0.027609
-0.033895
0.033558
-0.019813
0.058383
0.085251
0.016369
-0.063041
-0.050046
-0.056577
0.045726
0.011392
0.067603
-0.063428
0.067217
-0.030493
0.066142
-0.012100
0.009203
0.013429
0.090145
-0.036787
0.018039
-0.002377
-0.084814
-0.088306
0.089917
-0.063414
0.034500
0.018869
-0.015389
0.025741
-0.028080
-0.070302
0.007418
-0.078112
-0.108113
-0.052941
0.007163
-0.058694
0.065925
0.044552
-0.069400
0.055140
0.014089
-0.007218
-0.068221
0.037641
-0.044038
-0.014916
0.021805
-0.036452
0.010811
0.082216
0.058144
0.005903
-0.034491
0.016924
-0.003832
-0.054397
-0.048311
-0.047648
0.053342
0.055212
-0.035414
0.067970
0.024359
-0.060314
-0.102203
0.106853
-0.075895
-0.040104
-0.096593
0.108204
-0.045920
0.078609
0.031709
-0.021864
0.060993
0.055826
0.032975
-0.103650
0.001137
-0.106210
0.016960
0.114822
0.010385
0.081164
0.060014
-0.057848
-0.005107
0.084048
-0.019369
0.010315
-0.027528
0.003623
0.003048
0.007712
0.006963
0.003313
0.002394
0.008648
0.005551
0.006109
0.004897
0.003764
0.007488
0.003380
0.007229
0.003110
0.007142
0.007329
0.003491
0.004695
0.005785
0.006392
0.006380
0.000533
0.008704
0.005628
0.003400
0.006843
0.007091
0.004929
0.015454
0.007458
0.034397
0.001213
-0.022484
0.002900
0.023394
0.022650
-0.016095
0.020974
0.023658
0.011264
-0.001202
0.034122
-0.034215
0.011931
-0.002974
-0.016508
0.006070
-0.035102
0.036499
-0.008989
-0.023389
-0.028047
0.005388
-0.041490
0.007404
0.032314
0.017713
0.028895
0.001152
-0.021309
-0.012831
-0.003762
0.031924
0.016346
0.022057
-0.032857
0.005995
-0.035605
0.040109
0.001382
-0.012500
0.023034
0.024567
0.012983
-0.023284
-0.015664
-0.006801
-0.004770
-0.022011
0.022010
0.030992
0.017961
0.047280
0.006593
0.066769
0.020050
-0.066134
0.000979
0.050947
-0.005063
-0.052605
-0.021534
-0.039649
0.022027
-0.045949
0.004426
0.024643
-0.002173
-0.021901
0.012964
-0.026204
-0.062839
0.003364
-0.004570
-0.021017
-0.021063
-0.039712
-0.015350
-0.019939
-0.003154
-0.014863
-0.025130
0.005041
0.008821
0.014902
0.053671
-0.056733
-0.006786
0.048861
-0.020226
-0.006394
0.012799
0.008572
0.001692
-0.017976
-0.035847
-0.061138
0.007083
-0.022132
0.026605
-0.000925
0.008495
0.018197
-0.000014
0.029491
-0.011740
0.023124
-0.031590
0.003913
-0.015504
-0.016317
-0.019959
0.026319
0.014455
0.016372
-0.010736
0.013697
-0.033062
0.011729
-0.008814
-0.012698
0.017444
0.015531
0.011876
-0.039511
-0.015347
-0.020063
-0.006161
-0.013108
0.021156
0.022325
0.008519
-0.038843
0.018294
0.025904
-0.013030
0.014938
0.000579
0.020634
0.041191
-0.030067
-0.039502
0.018524
-0.026144
0.013687
-0.007484
0.028660
-0.031744
0.005907
-0.045900
-0.008926
0.005298
0.024264
-0.000616
0.021506
0.000804
-0.001356
-0.015215
-0.004975
0.007883
0.006527
-0.027528
0.003623
0.003048
0.007712
0.006963
0.003313
0.002394
0.008648
0.005551
0.006109
0.004897
0.003764
0.007488
0.003380
0.007229
0.003110
0.007142
0.007329
0.003491
0.004695
0.005785
0.006392
0.006380
0.000533
0.008704
0.005628
0.003400
0.006843
0.007091
0.004929
0.015454
0.007458
0.034397
0.001213
-0.022484
0.002900
0.023394
0.022650
-0.016095
0.020974
0.023658
0.011264
-0.001202
0.034122
-0.034215
0.011931
-0.002974
-0.016508
0.006070
-0.035102
0.036499
-0.008989
-0.023389
-0.028047
0.005388
-0.041490
0.007404
0.032314
0.017713
0.028895
0.001152
-0.021309
-0.012831
-0.003762
0.031924
0.016346
0.022057
-0.032857
0.005995
-0.035605
0.040109
0.001382
-0.012500
0.023034
0.024567
0.012983
-0.023284
-0.015664
-0.006801
-0.004770
-0.022011
0.022010
0.030992
0.017961
0.047280
0.006593
0.066769
0.020050
-0.066134
0.000979
0.050947
-0.005063
-0.052605
-0.021534
-0.039649
0.022027
-0.045949
0.004426
0.024643
-0.002173
-0.021901
0.012964
-0.026204
-0.062839
0.003364
-0.004570
-0.021017
-0.021063
-0.039712
-0.015350
-0.019939
-0.003154
-0.014863
-0.025130
0.005041
0.008821
0.014902
0.053671
-0.056733
-0.006786
0.048861
-0.020226
-0.006394
0.012799
0.008572
0.001692
-0.017976
-0.035847
-0.061138
0.007083
-0.022132
0.026605
-0.000925
0.008495
0.018197
-0.000014
0.029491
-0.011740
0.023124
-0.031590
0.003913
-0.015504
-0.016317
-0.019959
0.026319
0.014455
0.016372
-0.010736
0.013697
-0.033062
0.011729
-0.008814
-0.012698
0.017444
0.015531
0.011876
-0.039511
-0.015347
-0.020063
-0.006161
-0.013108
0.021156
0.022325
0.008519
-0.038843
0.018294
0.025904
-0.013030
0.014938
0.000579
0.020634
0.041191
-0.030067
-0.039502
0.018524
-0.026144
0.013687
-0.007484
0.028660
-0.031744
0.005907
-0.045900
-0.008926
0.005298
0.024264
-0.000616
0.021506
0.000804
-0.001356
-0.015215
-0.004975
0.007883
0.006527
-0.027528
0.003623
0.003048
0.007712
0.006963
0.003313
0.002394
0.008648
0.005551
0.006109
0.004897
0.003764
0.007488
0.003380
0.007229
0.003110
0.007142
0.007329
0.003491
0.004695
0.005785
0.006392
0.006380
0.000533
0.008704
0.005628
0.003400
0.006843
0.007091
0.004929
0.015454
0.007458
0.034397
0.001213
-0.022484
0.002900
0.023394
0.022650
-0.016095
0.020974
0.023658
0.011264
-0.001202
0.034122
-0.034215
0.011931
-0.002974
-0.016508
0.006070
-0.035102
0.036499
-0.008989
-0.023389
-0.028047
0.005388
-0.041490
0.007404
0.032314
0.017713
0.028895
0.001152
-0.021309
-0.012831
-0.003762
0.031924
0.016346
0.022057
-0.032857
0.005995
-0.035605
0.040109
0.001382
-0.012500
0.023034
0.024567
0.012983
-0.023284
-0.015664
-0.006801
-0.004770
-0.022011
0.022010
0.030992
0.017961
0.047280
0.006593
0.066769
0.020050
-0.066134
0.000979
0.050947
-0.005063
-0.052605
-0.021534
-0.039649
0.022027
-0.045949
0.004426
0.024643
-0.002173
-0.021901
0.012964
-0.026204
-0.062839
0.003364
-0.004570
-0.021017
-0.021063
-0.039712
-0.015350
-0.019939
-0.003154
-0.014863
-0.025130
0.005041
0.008821
0.014902
0.053671
-0.056733
-0.006786
0.048861
-0.020226
-0.006394
0.012799
0.008572
0.001692
-0.017976
-0.035847
-0.061138
0.007083
-0.022132
0.026605
-0.000925
0.008495
0.018197
-0.000014
0.029491
-0.011740
0.023124
-0.031590
0.003913
-0.015504
-0.016317
-0.019959
0.026319
0.014455
0.016372
-0.010736
0.013697
-0.033062
0.011729
-0.008814
-0.012698
0.017444
0.015531
0.011876
-0.039511
-0.015347
-0.020063
-0.006161
-0.013108
0.021156
0.022325
0.008519
-0.038843
0.018294
0.025904
-0.013030
0.014938
0.000579
0.020634
0.041191
-0.030067
-0.039502
0.018524
-0.026144
0.013687
-0.007484
0.028660
-0.031744
0.005907
-0.045900
-0.008926
0.005298
0.024264
-0.000616
0.021506
0.000804
-0.001356
-0.015215
-0.004975
0.007883
0.006527
-0.027528
0.003623
0.003048
0.007712
0.006963
0.003313
0.002394
0.008648
0.005551
0.006109
0.004897
0.003764
0.007488
0.003380
0.007229
0.003110
0.007142
0.007329
0.003491
0.004695
0.005785
0.006392
0.006380
0.000533
0.008704
0.005628
0.003400
0.006843
0.007091
0.004929
0.015454
0.007458
0.034397
0.001213
-0.022484
0.002900
0.023394
0.022650
-0.016095
0.020974
0.023658
0.011264
-0.001202
0.034122
-0.034215
0.011931
-0.002974
-0.016508
0.006070
-0.035102
0.036499
-0.008989
-0.023389
-0.028047
0.005388
-0.041490
0.007404
0.032314
0.017713
0.028895
0.001152
-0.021309
-0.012831
-0.003762
0.031924
0.016346
0.022057
-0.032857
0.005995
-0.035605
0.040109
0.001382
-0.012500
0.023034
0.024567
0.012983
-0.023284
-0.015664
-0.006801
-0.004770
-0.022011
0.022010
0.030992
0.017961
0.047280
0.006593
0.066769
0.020050
-0.066134
0.000979
0.050947
-0.005063
-0.052605
-0.021534
-0.039649
0.022027
-0.045949
0.004426
0.024643
-0.002173
-0.021901
0.012964
-0.026204
-0.062839
0.003364
-0.004570
-0.021017
-0.021063
-0.039712
-0.015350
-0.019939
-0.003154
-0.014863
-0.025130
0.005041
0.008821
0.014902
0.053671
-0.056733
-0.006786
0.048861
-0.020226
-0.006394
0.012799
0.008572
0.001692
-0.017976
-0.035847
-0.061138
0.007083
-0.022132
0.026605
-0.000925
0.008495
0.018197
-0.000014
0.029491
-0.011740
0.023124
-0.031590
0.003913
-0.015504
-0.016317
-0.019959
0.026319
0.014455
0.016372
-0.010736
0.013697
-0.033062
0.011729
-0.008814
-0.012698
0.017444
0.015531
0.011876
-0.039511
-0.015347
-0.020063
-0.006161
-0.013108
0.021156
0.022325
0.008519
-0.038843
0.018294
0.025904
-0.013030
0.014938
0.000579
0.020634
0.041191
-0.030067
-0.039502
0.018524
-0.026144
0.013687
-0.007484
0.028660
-0.031744
0.005907
-0.045900
-0.008926
0.005298
0.024264
-0.000616
0.021506
0.000804
-0.001356
-0.015215
-0.004975
0.007883
0.006527
-0.027528
0.003623
0.003048
0.007712
0.006963
0.003313
0.002394
0.008648
0.005551
0.006109
0.004897
0.003764
0.007488
0.003380
0.007229
0.003110
0.007142
0.007329
0.003491
0.004695
0.005785
0.006392
0.006380
0.000533
0.008704
0.005628
0.003400
0.006843
0.007091
0.004929
0.015454
0.007458
0.034397
0.001213
-0.022484
0.002900
0.023394
0.022650
-0.016095
0.020974
0.023658
0.011264
-0.001202
0.034122
-0.034215
0.011931
-0.002974
-0.016508
0.006070
-0.035102
0.036499
-0.008989
-0.023389
-0.028047
0.005388
-0.041490
0.007404
0.032314
0.017713
0.028895
0.001152
-0.021309
-0.012831
-0.003762
0.031924
0.016346
0.022057
-0.032857
0.005995
-0.035605
0.040109
0.001382
-0.012500
0.023034
0.024567
0.012983
-0.023284
-0.015664
-0.006801
-0.004770
-0.022011
0.022010
0.030992
0.017961
0.047280
0.006593
0.066769
0.020050
-0.066134
0.000979
0.050947
-0.005063
-0.052605
-0.021534
-0.039649
0.022027
-0.045949
0.004426
0.024643
-0.002173
-0.021901
0.012964
-0.026204
-0.062839
0.003364
-0.004570
-0.021017
-0.021063
-0.039712
-0.015350
-0.019939
-0.003154
-0.014863
-0.025130
0.005041
0.008821
0.014902
0.053671
-0.056733
-0.006786
0.048861
-0.020226
-0.006394
0.012799
0.008572
0.001692
-0.017976
-0.035847
-0.061138
0.007083
-0.022132
0.026605
-0.000925
0.008495
0.018197
-0.000014
0.029491
-0.011740
0.023124
-0.031590
0.003913
-0.015504
-0.016317
-0.019959
0.026319
0.014455
0.016372
-0.010736
0.013697
-0.033062
0.011729
-0.008814
-0.012698
0.017444
0.015531
0.011876
-0.039511
-0.015347
-0.020063
-0.006161
-0.013108
0.021156
0.022325
0.008519
-0.038843
0.018294
0.025904
-0.013030
0.014938
0.000579
0.020634
0.041191
-0.030067
-0.039502
0.018524
-0.026144
0.013687
-0.007484
0.028660
-0.031744
0.005907
-0.045900
-0.008926
0.005298
0.024264
-0.000616
0.021506
0.000804
-0.001356
-0.015215
-0.004975
0.007883
0.006527
-0.027528
0.003623
0.003048
0.007712
0.006963
0.003313
0.002394
0.008648
0.005551
0.006109
0.004897
0.003764
0.007488
0.003380
0.007229
0.003110
0.007142
0.007329
0.003491
0.004695
0.005785
0.006392
0.006380
0.000533
0.008704
0.005628
0.003400
0.006843
0.007091
0.004929
0.015454
0.007458
0.034397
0.001213
-0.022484
0.002900
0.023394
0.022650
-0.016095
0.020974
0.023658
0.011264
-0.001202
0.034122
-0.034215
0.011931
-0.002974
-0.016508
0.006070
-0.035102
0.036499
-0.008989
-0.023389
-0.028047
0.005388
-0.041490
0.007404
0.032314
0.017713
0.028895
0.001152
-0.021309
-0.012831
-0.003762
0.031924
0.016346
0.022057
-0.032857
0.005995
-0.035605
0.040109
0.001382
-0.012500
0.023034
0.024567
0.012983
-0.023284
-0.015664
-0.006801
-0.004770
-0.022011
0.022010
0.030992
0.017961
0.047280
0.006593
0.066769
0.020050
-0.066134
0.000979
0.050947
-0.005063
-0.052605
-0.021534
-0.039649
0.022027
-0.045949
0.004426
0.024643
-0.002173
-0.021901
0.012964
-0.026204
-0.062839
0.003364
-0.004570
-0.021017
-0.021063
-0.039712
-0.015350
-0.019939
-0.003154
-0.014863
-0.025130
0.005041
0.008821
0.014902
0.053671
-0.056733
-0.006786
0.048861
-0.020226
-0.006394
0.012799
0.008572
0.001692
-0.017976
-0.035847
-0.061138
0.007083
-0.022132
0.026605
-0.000925
0.008495
0.018197
-0.000014
0.029491
-0.011740
0.023124
-0.031590
0.003913
-0.015504
-0.016317
-0.019959
0.026319
0.014455
0.016372
-0.010736
0.013697
-0.033062
0.011729
-0.008814
-0.012698
0.017444
0.015531
0.011876
-0.039511
-0.015347
-0.020063
-0.006161
-0.013108
0.021156
0.022325
0.008519
-0.038843
0.018294
0.025904
-0.013030
0.014938
0.000579
0.020634
0.041191
-0.030067
-0.039502
0.018524
-0.026144
0.013687
-0.007484
0.028660
-0.031744
0.005907
-0.045900
-0.008926
0.005298
0.024264
-0.000616
0.021506
0.000804
-0.001356
-0.015215
-0.004975
0.007883
0.006527
-0.027528
0.003623
0.003048
0.007712
0.006963
0.003313
0.002394
0.008648
0.005551
0.006109
0.004897
0.003764
0.007488
0.003380
0.007229
0.003110
0.007142
0.007329
0.003491
0.004695
0.005785
0.006392
0.006380
0.000533
0.008704
0.005628
0.003400
0.006843
0.007091
0.004929
0.015454
0.007458
0.034397
0.001213
-0.022484
0.002900
0.023394
0.022650
-0.016095
0.020974
0.023658
0.011264
-0.001202
0.034122
-0.034215
0.011931
-0.002974
-0.016508
0.006070
-0.035102
0.036499
-0.008989
-0.023389
-0.028047
0.005388
-0.041490
0.007404
0.032314
0.017713
0.028895
0.001152
-0.021309
-0.012831
-0.003762
0.031924
0.016346
0.022057
-0.032857
0.005995
-0.035605
0.040109
0.001382
-0.012500
0.023034
0.024567
0.012983
-0.023284
-0.015664
-0.006801
-0.004770
-0.022011
0.022010
0.030992
0.017961
0.047280
0.006593
0.066769
0.020050
-0.066134
0.000979
0.050947
-0.005063
-0.052605
-0.021534
-0.039649
0.022027
-0.045949
0.004426
0.024643
-0.002173
-0.021901
0.012964
-0.026204
-0.062839
0.003364
-0.004570
-0.021017
-0.021063
-0.039712
-0.015350
-0.019939
-0.003154
-0.014863
-0.025130
0.005041
0.008821
0.014902
0.053671
-0.056733
-0.006786
0.048861
-0.020226
-0.006394
0.012799
0.008572
0.001692
-0.017976
-0.035847
-0.061138
0.007083
-0.022132
0.026605
-0.000925
0.008495
0.018197
-0.000014
0.029491
-0.011740
0.023124
-0.031590
0.003913
-0.015504
-0.016317
-0.019959
0.026319
0.014455
0.016372
-0.010736
0.013697
-0.033062
0.011729
-0.008814
-0.012698
0.017444
0.015531
0.011876
-0.039511
-0.015347
-0.020063
-0.006161
-0.013108
0.021156
0.022325
0.008519
-0.038843
0.018294
0.025904
-0.013030
0.014938
0.000579
0.020634
0.041191
-0.030067
-0.039502
0.018524
-0.026144
0.013687
-0.007484
0.028660
-0.031744
0.005907
-0.045900
-0.008926
0.005298
0.024264
-0.000616
0.021506
0.000804
-0.001356
-0.015215
-0.004975
0.007883
0.006527
-0.027528
0.003623
0.003048
0.007712
0.006963
0.003313
0.002394
0.008648
0.005551
0.006109
0.004897
-0.027528
0.003623
0.003048
0.007712
0.006963
0.003313
0.002394
0.008648
0.005551
0.006109
0.004897
0.003764
0.007488
0.003380
0.007229
0.003110
0.007142
0.007329
0.003491
0.004695
0.005785
0.006392
0.006380
0.000533
0.008704
0.005628
0.003400
0.006843
0.007091
0.004929
0.015454
0.007458
0.034397
0.001213
-0.022484
0.002900
0.023394
0.022650
-0.016095
0.020974
0.023658
0.011264
-0.001202
0.034122
-0.034215
0.011931
-0.002974
-0.016508
0.006070
-0.035102
0.036499
-0.008989
-0.023389
-0.028047
0.005388
-0.041490
0.007404
0.032314
0.017713
0.028895
0.001152
-0.021309
-0.012831
-0.003762
0.031924
0.016346
0.022057
-0.032857
0.005995
-0.035605
0.040109
0.001382
-0.012500
0.023034
0.024567
0.012983
-0.023284
-0.015664
-0.006801
-0.004770
-0.022011
0.022010
0.030992
0.017961
0.047280
0.006593
0.066769
0.020050
-0.066134
0.000979
0.050947
-0.005063
-0.052605
-0.021534
-0.039649
0.022027
-0.045949
0.004426
0.024643
-0.002173
-0.021901
0.012964
-0.026204
-0.062839
0.003364
-0.004570
-0.021017
-0.021063
-0.039712
-0.015350
-0.019939
-0.003154
-0.014863
-0.025130
0.005041
0.008821
0.014902
0.053671
-0.056733
-0.006786
0.048861
-0.020226
-0.006394
0.012799
0.008572
0.001692
-0.017976
-0.035847
-0.061138
0.007083
-0.022132
0.026605
-0.000925
0.008495
0.018197
-0.000014
0.029491
-0.011740
0.023124
-0.031590
0.003913
-0.015504
-0.016317
-0.019959
0.026319
0.014455
0.016372
-0.010736
0.013697
-0.033062
0.011729
-0.008814
-0.012698
0.017444
0.015531
0.011876
-0.039511
-0.015347
-0.020063
-0.006161
-0.013108
0.021156
0.022325
0.008519
-0.038843
0.018294
0.025904
-0.013030
0.014938
0.000579
0.020634
0.041191
-0.030067
-0.039502
0.018524
-0.026144
0.013687
-0.007484
0.028660
-0.031744
0.005907
-0.045900
-0.008926
0.005298
0.024264
-0.000616
0.021506
0.000804
-0.001356
-0.015215
-0.004975
0.007883
0.006527
-0.027528
0.003623
0.003048
0.007712
0.006963
0.003313
0.002394
0.008648
0.005551
0.006109
0.004897
0.003764
0.007488
0.003380
0.007229
0.003110
0.007142
0.007329
0.003491
0.004695
0.005785
0.006392
0.006380
0.000533
0.008704
0.005628
0.003400
0.006843
0.007091
0.004929
0.015454
0.007458
0.034397
0.001213
-0.022484
0.002900
0.023394
0.022650
-0.016095
0.020974
0.023658
0.011264
-0.001202
0.034122
-0.034215
0.011931
-0.002974
-0.016508
0.006070
-0.035102
0.036499
-0.008989
-0.023389
-0.028047
0.005388
-0.041490
0.007404
0.032314
0.017713
0.028895
0.001152
-0.021309
-0.012831
-0.003762
0.031924
0.016346
0.022057
-0.032857
0.005995
-0.035605
0.040109
0.001382
-0.012500
0.023034
0.024567
0.012983
-0.023284
-0.015664
-0.006801
-0.004770
-0.022011
0.022010
0.030992
0.017961
0.047280
0.006593
0.066769
0.020050
-0.066134
0.000979
0.050947
-0.005063
-0.052605
-0.021534
-0.039649
0.022027
-0.045949
0.004426
0.024643
-0.002173
-0.021901
0.012964
-0.026204
-0.062839
0.003364
-0.004570
-0.021017
-0.021063
-0.039712
-0.015350
-0.019939
-0.003154
-0.014863
-0.025130
0.005041
0.008821
0.014902
0.053671
-0.056733
-0.006786
0.048861
-0.020226
-0.006394
0.012799
0.008572
0.001692
-0.017976
-0.035847
-0.061138
0.007083
-0.022132
0.026605
-0.000925
0.008495
0.018197
-0.000014
0.029491
-0.011740
0.023124
-0.031590
0.003913
-0.015504
-0.016317
-0.019959
0.026319
0.014455
0.016372
-0.010736
0.013697
-0.033062
0.011729
-0.008814
-0.012698
0.017444
0.015531
0.011876
-0.039511
-0.015347
-0.020063
-0.006161
-0.013108
0.021156
0.022325
0.008519
-0.038843
0.018294
0.025904
-0.013030
0.014938
0.000579
0.020634
0.041191
-0.030067
-0.039502
0.018524
-0.026144
0.013687
-0.007484
0.028660
-0.031744
0.005907
-0.045900
-0.008926
0.005298
0.024264
-0.000616
0.021506
0.000804
-0.001356
-0.015215
-0.004975
0.007883
0.006527
-0.027528
0.003623
0.003048
0.007712
0.006963
0.003313
0.002394
0.008648
0.005551
0.006109
0.004897
0.003764
0.007488
0.003380
0.007229
0.003110
0.007142
0.007329
0.003491
0.004695
0.005785
0.006392
0.006380
0.000533
0.008704
0.005628
0.003400
0.006843
0.007091
0.004929
0.015454
0.007458
0.034397
0.001213
-0.022484
0.002900
0.023394
0.022650
-0.016095
0.020974
0.023658
0.011264
-0.001202
0.034122
-0.034215
0.011931
-0.002974
-0.016508
0.006070
-0.035102
0.036499
-0.008989
-0.023389
-0.028047
0.005388
-0.041490
0.007404
0.032314
0.017713
0.028895
0.001152
-0.021309
-0.012831
-0.003762
0.031924
0.016346
0.022057
-0.032857
0.005995
-0.035605
0.040109
0.001382
-0.012500
0.023034
0.024567
0.012983
-0.023284
-0.015664
-0.006801
-0.004770
-0.022011
0.022010
0.030992
0.017961
0.047280
0.006593
0.066769
0.020050
-0.066134
0.000979
0.050947
-0.005063
-0.052605
-0.021534
-0.039649
0.022027
-0.045949
0.004426
0.024643
-0.002173
-0.021901
0.012964
-0.026204
-0.062839
0.003364
-0.004570
-0.021017
-0.021063
-0.039712
-0.015350
-0.019939
-0.003154
-0.014863
-0.025130
0.005041
0.008821
0.014902
0.053671
-0.056733
-0.006786
0.048861
-0.020226
-0.006394
0.012799
0.008572
0.001692
-0.017976
-0.035847
-0.061138
0.007083
-0.022132
0.026605
-0.000925
0.008495
0.018197
-0.000014
0.029491
-0.011740
0.023124
-0.031590
0.003913
-0.015504
-0.016317
-0.019959
0.026319
0.014455
0.016372
-0.010736
0.013697
-0.033062
0.011729
-0.008814
-0.012698
0.017444
0.015531
0.011876
-0.039511
-0.015347
-0.020063
-0.006161
-0.013108
0.021156
0.022325
0.008519
-0.038843
0.018294
0.025904
-0.013030
0.014938
0.000579
0.020634
0.041191
-0.030067
-0.039502
0.018524
-0.026144
0.013687
-0.007484
0.028660
-0.031744
0.005907
-0.045900
-0.008926
0.005298
0.024264
-0.000616
0.021506
0.000804
-0.001356
-0.015215
-0.004975
0.007883
0.006527
-0.034043
0.008036
0.001231
0.014978
0.003252
0.004186
0.004184
0.003970
0.011404
0.004448
0.004279
0.005216
0.007252
0.000915
0.005597
0.004911
0.008614
0.005936
0.006387
0.006929
0.007209
0.003735
0.005161
0.008807
0.006394
0.001791
0.041379
0.020456
0.005515
0.012153
-0.048525
-0.025746
-0.007001
0.022666
0.016417
-0.013388
-0.012945
-0.013357
0.059134
0.041697
0.044886
0.017393
-0.005262
0.037142
-0.017329
0.019138
0.038676
-0.021868
0.003822
0.012969
0.063394
-0.047718
-0.020140
0.006900
0.024827
-0.015214
-0.002525
0.019126
-0.027679
0.017876
0.030102
-0.031662
0.032325
0.003933
-0.019657
0.025261
-0.012427
0.006832
0.030021
0.043467
-0.007962
0.027068
-0.050358
0.069008
-0.001574
-0.002513
-0.038857
0.044573
-0.021873
0.009468
0.023302
-0.015730
0.001986
0.080801
0.019962
-0.010331
0.011771
-0.039583
-0.032458
-0.035343
0.015306
0.027248
0.001406
0.016046
0.000614
0.017309
-0.022027
-0.018577
-0.015172
0.012860
-0.011969
-0.020638
-0.033921
0.013793
0.006290
-0.021321
-0.039135
0.003953
-0.014810
-0.026087
0.019444
-0.033128
0.022268
0.052793
-0.048566
-0.000913
-0.023545
0.008358
-0.038211
-0.030838
0.024803
0.014860
-0.058291
-0.057101
-0.041376
-0.000598
-0.008681
-0.044014
-0.006963
0.009033
-0.015268
-0.020895
-0.002160
-0.009648
-0.001805
-0.002741
-0.000218
-0.004189
0.023411
-0.005847
-0.020411
0.000961
0.005814
-0.008898
0.016961
-0.000312
0.005734
-0.000814
0.011090
0.002505
0.007963
0.010506
0.010160
-0.007775
-0.012184
-0.027622
0.046020
-0.052043
-0.010031
-0.010586
0.027197
-0.038768
0.016759
-0.000913
0.056541
-0.010682
0.030075
-0.003284
0.018009
-0.014328
0.007219
0.065076
-0.064374
0.011693
0.016460
0.024527
0.025366
0.033959
0.008436
-0.048551
0.013658
0.026364
0.006620
0.013974
-0.044394
-0.021189
-0.031608
0.026479
-0.010302
-0.032128
0.000854
0.001371
-0.022437
0.077143
-0.042531
-0.026156
0.018301
-0.010301
0.009608
-0.009377
0.002121
-0.012365
0.026240
0.031999
-0.000180
-0.047038
-0.007778
-0.011097
0.032493
-0.024678
0.004375
0.016777
-0.011992
-0.008305
-0.018995
0.009109
0.006773
0.039572
0.029675
-0.033768
0.029073
0.021914
-0.022537
0.027057
0.038546
-0.038481
-0.019170
-0.014722
-0.013115
0.040057
0.044569
0.041263
0.001972
0.011842
0.006831
0.001268
0.004729
0.021531
0.008392
-0.030864
-0.002834
0.010882
0.033880
-0.002459
-0.034100
-0.009915
0.003122
-0.008526
-0.039256
0.003792
0.009547
0.037616
-0.020127
0.010781
0.003174
-0.042968
-0.032305
-0.009528
0.017182
-0.034972
0.006369
0.006494
0.006698
0.009716
0.005928
0.001848
0.008291
0.006243
0.003081
0.004152
0.010086
0.003789
0.003783
0.006495
0.008622
0.003548
0.005840
0.004632
0.010095
0.005342
0.008334
0.005451
-0.001461
0.010913
0.001226
-0.004302
0.010622
0.051687
0.014659
0.010510
-0.020516
0.002415
-0.007263
0.055174
0.001866
0.021635
-0.007180
-0.022613
-0.032489
-0.001768
-0.013414
-0.029512
0.020156
-0.018907
-0.021042
0.025467
0.001987
-0.036979
0.035998
-0.021625
0.006829
0.036513
-0.016505
0.026171
-0.020454
-0.013552
0.007134
0.010096
-0.030583
-0.011696
-0.000817
0.026520
0.006184
0.017920
0.024367
-0.022674
-0.024953
-0.018415
-0.007171
-0.023246
-0.080510
0.042818
-0.000080
-0.017716
0.094770
0.040719
-0.016170
0.018120
-0.000758
0.005164
-0.013156
-0.022341
-0.041985
-0.046524
-0.020497
0.066316
0.010429
-0.023523
-0.041118
-0.002388
0.019834
-0.031583
0.027830
-0.006781
-0.000223
-0.014301
0.009492
0.005651
0.010807
0.025222
0.021361
-0.012677
0.007910
-0.036585
0.023766
-0.055303
-0.026974
0.021390
-0.030422
0.012726
-0.012559
-0.004709
0.006508
0.027103
0.056642
-0.010354
-0.009396
-0.036532
-0.002643
-0.049229
-0.031808
0.008802
-0.002440
-0.024261
-0.033093
-0.055182
0.053582
-0.005138
0.045622
0.035703
0.045174
0.037658
-0.032843
0.000522
-0.004316
0.033891
0.006208
0.044212
-0.035979
0.021692
0.048244
0.017173
0.064430
0.008434
-0.055642
-0.017571
0.015445
0.000865
0.087742
-0.013022
0.004644
0.001502
-0.012750
0.001800
0.002279
0.007631
0.006886
0.003350
0.008159
-0.011422
0.001089
0.003475
-0.002640
-0.002933
0.003366
-0.010597
-0.006803
-0.009302
0.002213
-0.004760
-0.005434
-0.001405
-0.000478
-0.005382
0.006275
0.004723
0.001431
0.005200
0.006163
-0.012333
-0.006479
-0.000951
-0.050481
0.048055
-0.022667
0.022132
0.003696
0.031910
0.047788
-0.003345
0.035880
0.019241
-0.057145
-0.018107
-0.013959
0.036483
-0.013062
-0.003884
0.077820
0.011218
-0.021750
-0.045775
-0.012954
-0.048080
0.029932
-0.021160
0.018274
0.011810
0.016048
-0.002061
-0.062135
0.034770
-0.040987
-0.009056
-0.005965
0.019633
-0.040041
-0.000185
-0.002904
0.012402
-0.013361
0.042104
-0.005059
-0.010660
-0.019669
-0.002438
0.029792
0.016075
0.002365
-0.016307
0.026281
0.017857
-0.021352
0.049828
0.008801
-0.050205
0.009479
0.036633
0.025905
-0.038732
-0.056127
0.043489
-0.029480
0.003261
-0.022104
0.017124
0.002075
-0.009743
0.017520
0.015902
-0.019386
0.032003
-0.020055
0.051599
0.033849
-0.011980
0.010539
-0.033491
0.010610
-0.000531
0.007359
0.025266
0.000126
0.035908
0.000115
-0.007186
-0.016534
-0.045597
-0.013996
0.034077
0.002921
0.034033
-0.030170
-0.023821
0.000817
-0.003325
-0.014444
-0.065342
0.022571
-0.033697
-0.030769
0.049391
-0.023786
0.049368
-0.019597
