151
-0.0001798801
0.0000534958
0.0002182598
-0.0000629566
-0.0002638376
0.0000737608
0.0003177538
-0.0000860343
-0.0003812906
0.0000999034
0.0004558847
-0.0001154919
-0.0005431402
0.0001329183
0.0006448420
-0.0001522932
-0.0007629719
0.0001737156
0.0008997251
-0.0001972693
-0.0010575307
0.0002230193
0.0012390752
-0.0002510081
-0.0014473320
0.0002812520
0.0016855984
-0.0003137370
-0.0019575427
0.0003484162
0.0022672669
-0.0003852063
-0.0026193886
0.0004239854
0.0030191522
-0.0004645910
-0.0034725781
0.0005068192
0.0039866673
-0.0005504245
-0.0045696836
0.0005951205
0.0052315469
-0.0006405817
-0.0059843874
0.0006864463
0.0068433417
-0.0007323202
-0.0078277115
0.0007777821
0.0089626921
-0.0008223890
-0.0102820129
0.0008656834
0.0118320991
-0.0009072006
-0.0136788706
0.0009464769
0.0159193500
-0.0009830580
-0.0187025612
0.0010165079
0.0222697213
-0.0010464170
-0.0270382734
0.0010724111
0.0337979505
-0.0010941585
-0.0442429227
0.0011113776
0.0627810489
-0.0011238427
-0.1055800333
0.0011313887
0.3181671132
0.4989227198
0.3181671132
0.0011313887
-0.1055800333
-0.0011238427
0.0627810489
0.0011113776
-0.0442429227
-0.0010941585
0.0337979505
0.0010724111
-0.0270382734
-0.0010464170
0.0222697213
0.0010165079
-0.0187025612
-0.0009830580
0.0159193500
0.0009464769
-0.0136788706
-0.0009072006
0.0118320991
0.0008656834
-0.0102820129
-0.0008223890
0.0089626921
0.0007777821
-0.0078277115
-0.0007323202
0.0068433417
0.0006864463
-0.0059843874
-0.0006405817
0.0052315469
0.0005951205
-0.0045696836
-0.0005504245
0.0039866673
0.0005068192
-0.0034725781
-0.0004645910
0.0030191522
0.0004239854
-0.0026193886
-0.0003852063
0.0022672669
0.0003484162
-0.0019575427
-0.0003137370
0.0016855984
0.0002812520
-0.0014473320
-0.0002510081
0.0012390752
0.0002230193
-0.0010575307
-0.0001972693
0.0008997251
0.0001737156
-0.0007629719
-0.0001522932
0.0006448420
0.0001329183
-0.0005431402
-0.0001154919
0.0004558847
0.0000999034
-0.0003812906
-0.0000860343
0.0003177538
0.0000737608
-0.0002638376
-0.0000629566
0.0002182598
0.0000534958
-0.0001798801
