0.002590
-0.002706
0.004672
-0.006658
0.005466
-0.004250
-0.003199
0.002657
-0.000729
0.004983
-0.007331
0.007201
-0.007123
0.005300
0.000466
0.000350
-0.006349
0.007851
-0.006571
0.001407
0.001228
-0.007585
0.001443
0.001277
0.005400
-0.009223
0.004895
0.004204
-0.002204
-0.003608
0.002063
0.001659
-0.005145
0.003526
-0.008594
0.002457
0.007896
0.003208
-0.012043
0.002205
-0.001418
0.003918
-0.003482
0.000176
-0.000454
-0.000908
0.003859
0.001173
-0.010399
0.000911
0.006106
-0.002848
0.000200
0.002192
-0.003610
-0.001419
-0.002506
0.009458
-0.009332
0.001402
0.000706
0.001728
-0.003153
-0.000636
0.003461
0.001268
-0.004939
0.002846
-0.003780
0.002866
0.018262
0.027129
0.004950
-0.002424
0.005845
0.020875
-0.007327
0.019931
0.011427
0.006267
-0.001418
0.000401
-0.008936
-0.003423
-0.000875
0.009761
0.013635
0.003648
0.013913
-0.004507
0.022263
-0.000386
0.003319
-0.000192
0.004972
0.011251
0.006121
-0.006161
0.000959
-0.001360
-0.003294
-0.017110
0.011339
-0.003330
0.000831
0.023265
-0.002424
0.008319
0.007276
0.012118
-0.001457
0.007899
0.009135
-0.001578
0.007618
0.004134
0.010526
0.009307
0.016452
-0.008689
0.014944
-0.002776
0.003658
0.004336
-0.009817
0.013485
-0.001535
-0.001274
0.007794
-0.004675
0.002563
-0.008076
-0.001066
-0.001217
0.002525
0.014155
-0.000182
0.004080
0.010735
-0.014440
0.001398
0.011704
0.010442
0.006618
-0.002862
0.004378
-0.011637
-0.000566
0.004262
0.022896
0.006080
-0.034984
-0.055202
0.020299
0.004145
-0.000994
0.065452
0.013215
-0.057090
-0.070560
0.048635
-0.013547
-0.004883
0.006510
0.042815
0.002074
-0.051450
0.036299
-0.011514
0.074665
0.001842
-0.018278
0.012213
-0.002608
0.005768
-0.012679
-0.001364
0.002484
-0.008443
0.006771
-0.007850
0.004163
-0.001609
0.001121
0.004972
0.004139
-0.006610
0.010205
-0.000289
0.001414
-0.010851
-0.009895
-0.002572
0.008766
0.001634
0.001040
-0.011689
0.005511
-0.010078
-0.001079
-0.010676
-0.010390
-0.006915
-0.007378
0.012420
0.003327
0.000670
-0.023438
-0.021165
-0.003642
-0.013404
-0.006871
-0.002245
-0.004804
-0.005187
0.011046
-0.012672
-0.008292
0.000527
-0.000880
-0.003343
0.006166
0.005578
0.007889
-0.005955
0.000825
0.014433
-0.003014
-0.014066
0.010146
-0.020053
0.003667
-0.006299
-0.016599
0.021582
0.002873
-0.004890
-0.016888
-0.012566
0.000893
-0.003965
0.008202
0.005443
0.010079
-0.019382
0.003354
0.056115
0.133469
0.026155
-0.009660
0.017711
0.058279
-0.053623
0.098811
0.052237
-0.023906
-0.043393
-0.032568
0.033458
0.059139
0.072812
-0.000582
-0.011716
0.009759
0.024764
0.013368
-0.083917
0.077305
0.047329
-0.013861
0.068771
-0.035401
-0.005300
-0.008929
0.004805
0.007262
-0.001517
0.000514
-0.001690
-0.004540
-0.001393
-0.002951
0.007201
0.009054
-0.000041
-0.002147
-0.000640
0.004767
0.002469
-0.006520
0.002164
0.001007
0.017005
-0.001641
0.016730
-0.002402
0.006596
-0.005194
0.010542
0.004915
0.006924
-0.010554
-0.000724
0.009309
-0.001848
-0.002970
-0.000679
0.002135
0.004072
-0.002921
-0.009453
0.011386
-0.004792
0.002575
-0.003983
-0.019549
-0.001469
-0.007062
-0.000933
-0.007652
-0.007917
-0.004022
0.006328
-0.001735
-0.001867
0.002839
-0.003157
0.001835
-0.000512
0.009059
0.000843
0.013964
0.005994
0.000652
-0.003452
0.002836
0.004508
-0.017518
-0.001852
-0.003272
0.005669
-0.000485
-0.003112
-0.000151
-0.003230
0.016011
0.010491
-0.007053
-0.004111
-0.003959
-0.012273
0.005937
0.007261
-0.008752
-0.002406
0.000412
-0.008652
0.005312
0.017453
0.001585
0.003771
0.012826
-0.000993
-0.010411
0.001742
-0.002422
0.014520
0.015027
0.002689
-0.002882
0.002735
-0.007979
0.004193
-0.002400
0.003845
-0.001681
-0.002748
0.007513
0.003125
-0.003740
0.006531
0.003176
-0.003226
0.002810
-0.002564
0.006750
-0.007808
0.005082
0.001202
-0.007554
0.011641
-0.006624
0.008047
0.001125
-0.007438
0.006887
-0.000741
-0.000687
0.009486
-0.002614
-0.001097
0.005637
-0.002100
0.003983
-0.005475
0.006051
-0.000312
0.001818
-0.004141
0.005061
0.004929
-0.002085
0.001636
-0.005025
0.002140
0.004381
-0.002638
0.009116
-0.001485
0.002523
-0.006250
0.010226
-0.004656
-0.001430
0.011354
-0.008254
0.005038
-0.000078
0.000457
0.003351
-0.006141
0.006926
0.000754
0.006569
-0.011228
0.005409
0.008684
-0.000323
-0.002232
-0.002796
-0.003368
0.009751
-0.005922
0.002839
0.001937
-0.000462
0.003093
0.002957
0.000660
0.004753
-0.001807
0.000968
-0.003027
0.003138
-0.002279
-0.000427
0.008035
-0.000995
-0.000038
0.001752
0.003451
-0.000682
0.003079
-0.001294
0.001480
0.002360
0.004647
-0.003441
-0.002598
-0.002630
-0.006132
-0.005971
-0.005277
0.006781
0.013873
-0.005575
0.005020
0.000350
0.000647
0.001556
-0.005197
-0.000305
-0.004386
0.005921
0.002246
-0.003551
0.009494
0.012330
-0.005013
-0.000179
-0.006502
0.006132
0.008097
-0.008102
0.004121
0.000905
0.000566
-0.005742
-0.001849
0.000618
0.003348
-0.001312
-0.013611
-0.002519
-0.004383
0.000154
0.000155
-0.003465
0.001624
0.005287
-0.008187
0.018144
0.003901
-0.004935
-0.002863
0.005181
0.008621
-0.000504
0.003451
-0.000124
0.009615
-0.002383
-0.013626
-0.006142
0.004231
0.020356
0.004153
-0.001512
-0.007471
0.005749
0.007458
0.001548
-0.002350
0.008344
-0.005530
0.011967
0.015599
-0.003373
0.005937
-0.003181
-0.003582
-0.002265
0.001659
0.012433
-0.002565
0.004996
-0.006343
0.002801
0.000190
-0.006590
0.014028
0.011212
0.003972
0.000420
-0.004595
-0.003074
0.002485
-0.007307
-0.003525
0.013952
0.010310
-0.004031
0.002310
-0.005259
-0.000459
-0.002891
-0.001841
0.002228
-0.035388
0.009227
0.005612
0.005501
-0.001662
0.005030
0.015028
0.012564
0.000421
-0.003859
0.011395
0.012978
0.015460
0.008154
0.006354
0.011508
0.000623
0.012901
0.019839
-0.008608
-0.004488
-0.011167
0.012074
-0.000830
0.007131
0.013312
-0.002129
0.015093
-0.006392
-0.000644
0.013763
0.009163
0.009226
0.000546
0.020934
-0.009010
0.009459
-0.004121
0.010422
0.007439
0.010936
0.022978
0.012389
-0.001921
-0.002657
-0.004441
0.017216
0.005680
-0.002023
0.011661
-0.008803
0.002044
0.002208
0.013354
0.001620
0.000591
-0.001150
-0.003490
0.004321
0.001917
-0.004320
0.015330
0.010465
0.011709
0.000711
-0.008380
0.009755
-0.006767
0.012403
-0.004361
-0.004252
-0.003739
0.016173
-0.005287
0.000756
-0.009532
0.004848
0.007517
-0.010576
0.013244
0.005154
0.009734
-0.000098
-0.005977
0.006076
0.014659
0.010087
0.007472
-0.012464
0.010425
-0.003531
0.017042
0.010142
0.010509
-0.003886
0.005597
0.010510
0.002183
0.002602
0.015456
-0.001292
-0.073493
-0.002926
0.002609
0.009872
0.002568
0.025477
0.014955
0.005186
0.010899
0.012700
0.009259
-0.004845
0.007617
0.013666
-0.002349
0.008334
0.024506
0.009191
0.013533
0.015441
0.004896
0.010029
0.006882
-0.004580
0.004218
0.003539
0.013821
-0.003040
-0.005723
0.004805
0.008804
0.001242
0.008274
0.002107
0.002610
-0.000662
-0.006124
-0.002765
0.003194
0.012789
-0.003936
0.007271
0.013289
-0.009179
-0.003282
0.012204
0.009377
-0.026556
0.011380
-0.001123
0.014042
0.001335
0.012376
0.002747
-0.009658
0.002561
0.023698
-0.000122
-0.001449
0.004816
0.009667
0.006276
0.011792
-0.003707
0.007204
-0.004741
0.001621
-0.005587
-0.005445
-0.001573
-0.009175
-0.003493
-0.000048
0.007136
0.002241
0.012263
0.012197
0.004589
0.008286
-0.006117
0.010322
-0.013374
-0.002341
0.001510
0.013456
0.003776
0.009968
-0.007827
0.003606
-0.010074
0.003999
0.013386
0.005219
-0.001107
0.005872
0.009453
-0.005402
0.012223
0.038697
-0.010462
0.004395
-0.008256
0.010793
0.000775
0.007235
0.024677
0.032799
-0.006796
-0.015220
0.014071
0.001643
-0.003742
-0.002567
0.001519
0.005113
0.010531
0.006703
-0.020878
0.015128
-0.004214
0.010494
-0.002844
0.007242
-0.009330
-0.002925
-0.003264
0.010537
-0.001409
0.005065
0.015237
-0.003939
0.027160
-0.007130
-0.001981
0.009774
0.017145
0.006354
0.002838
-0.011741
-0.008272
0.011859
-0.000657
-0.015867
0.002535
0.009137
0.002430
0.015760
-0.011430
0.002718
0.013196
-0.009533
-0.012169
0.015483
-0.002949
0.003490
0.014425
-0.000221
0.005898
-0.013911
-0.002013
-0.003390
0.004320
0.004752
-0.003920
0.016006
0.008858
0.002604
0.000786
-0.007109
-0.012071
0.002245
0.011248
0.004605
0.005567
0.013172
0.010623
0.010264
0.021536
-0.015264
-0.001761
0.002153
0.004896
0.016175
-0.004252
-0.009554
0.005340
-0.000023
0.008438
0.013232
0.013605
0.005719
-0.008939
-0.011024
-0.012512
0.008655
-0.014700
-0.020202
-0.016390
0.013394
0.005888
0.002554
-0.001327
-0.006662
-0.000326
0.010167
0.007007
-0.004180
0.009430
0.000046
0.004780
0.008175
-0.014174
-0.000960
-0.007006
0.001661
-0.006286
-0.005838
-0.012959
0.005231
-0.009226
0.002754
-0.014429
-0.012632
-0.001275
-0.005272
-0.009521
-0.003005
-0.017788
-0.007299
0.011569
-0.000228
-0.011537
-0.007461
0.004655
-0.005244
-0.005503
-0.014022
-0.007029
-0.017759
-0.014019
0.006186
0.003195
0.006234
-0.004741
0.005609
-0.001230
0.006672
-0.001174
-0.010896
-0.005707
-0.014689
-0.007930
-0.006825
-0.008739
-0.009434
-0.008500
-0.009565
0.000444
0.001162
-0.004053
-0.004394
0.000470
-0.000747
0.000772
-0.007801
-0.002031
0.004687
-0.002717
-0.003187
-0.010668
0.011144
-0.000947
-0.013583
-0.014696
0.004514
0.000549
0.000256
0.000556
0.000757
-0.002211
-0.010613
0.015040
0.007411
0.004218
0.002422
-0.000817
-0.005274
-0.003192
-0.006690
-0.004165
0.007108
0.002200
0.001290
-0.004864
-0.013033
-0.010284
-0.012057
0.009715
-0.006661
0.003401
0.007563
-0.003397
0.014224
-0.005419
0.000617
0.001321
0.006105
-0.014511
0.004909
0.012648
-0.011036
0.012312
-0.009420
0.013306
-0.003377
0.005621
-0.000634
0.007528
-0.005417
0.006416
0.004882
-0.000721
-0.002862
-0.002616
0.012462
0.000382
0.000976
-0.009928
0.010729
0.004444
0.001524
-0.001869
0.001429
0.002850
0.000583
0.005538
0.000705
-0.002662
0.006259
0.002732
0.002362
0.006977
-0.006798
0.003802
0.005388
-0.003518
0.005427
0.009151
-0.007212
-0.001851
0.010493
-0.003674
0.001838
0.002980
0.001539
0.002164
-0.002918
0.007989
-0.005398
0.006986
-0.001241
0.009839
-0.002902
0.006751
0.000172
-0.002769
-0.001649
0.004644
0.002922
-0.003240
0.004214
0.009881
-0.001085
-0.004423
0.011896
-0.012472
0.012417
-0.001236
0.008755
0.000834
-0.010188
0.010493
-0.006028
0.007323
-0.000266
0.004009
-0.003667
0.007998
-0.001926
0.008785
-0.006416
-0.000979
0.004294
0.004802
-0.007927
0.016954
-0.012714
0.005977
-0.000451
0.003955
0.008556
-0.003934
0.009377
-0.006364
0.003668
0.003682
0.001594
-0.007200
0.003199
0.008858
-0.007429
0.010388
-0.004774
0.009415
-0.000873
0.001918
0.003477
0.002016
0.000977
0.004050
0.000985
0.005594
-0.002820
-0.002713
0.007704
0.003389
-0.000905
-0.005150
0.007368
0.004961
0.001506
-0.001063
0.001346
0.003561
0.002672
0.004214
-0.001183
-0.001492
0.008159
0.002018
0.002376
0.004645
-0.002288
0.003488
0.002607
-0.002105
0.004481
0.004324
-0.000694
-0.003026
0.012635
-0.005916
0.006199
0.002559
0.000772
-0.000858
0.000445
0.007513
-0.002988
0.001818
0.002650
0.007861
-0.001408
0.008951
-0.005373
-0.002278
0.003662
0.003688
0.001796
-0.002979
0.004042
0.007137
-0.000801
0.004003
0.005835
-0.009908
0.011763
0.001638
0.003383
0.000749
-0.004368
0.007146
-0.003180
0.008251
0.002950
-0.001144
0.001849
0.001888
0.001294
0.006212
-0.006385
-0.000535
0.005920
0.004116
-0.005667
0.014333
-0.011522
-0.002209
0.000805
-0.003103
0.041072
-0.021581
-0.000065
-0.008957
-0.006850
-0.010961
0.005116
0.003011
-0.012005
-0.010474
-0.004298
-0.031703
0.005293
-0.006459
-0.023359
0.015646
-0.017325
-0.034188
-0.008331
0.020284
0.003671
0.004047
0.003347
-0.000549
-0.005943
-0.006457
0.005274
-0.003371
-0.002147
0.002942
-0.005039
-0.005515
0.002032
0.003782
-0.002883
-0.005057
-0.007147
0.004506
-0.000820
0.002278
-0.000767
-0.011442
0.004189
-0.002869
0.003042
-0.005043
